2 0.914901 0.725248 0.169603 0.351654
2 0.580867 0.313142 0.0571329 0.0945469
2 0.397979 0.279033 0.0540564 0.0782488
2 0.660298 0.234892 0.0521399 0.0708482
2 0.555794 0.155765 0.0292585 0.0435992
2 0.54111 0.12645 0.0236558 0.0370203
2 0.246928 0.0843957 0.0298641 0.0384846
2 0.0809093 0.130257 0.0598603 0.0605623
2 0.197368 0.0992442 0.0407503 0.0453338
2 0.495893 0.0642627 0.0195728 0.0310657
2 0.590201 0.0867789 0.0189069 0.0302336
2 0.517999 0.097886 0.0190754 0.0310677
0 0.993255 0.201845 0.0126659 0.0795823
2 0.567955 0.0525547 0.0134837 0.0206482
