2 0.827131 0.479489 0.107998 0.161699
2 0.513947 0.334809 0.0611408 0.0983703
2 0.523724 0.223825 0.0411348 0.0703864
2 0.494789 0.177729 0.0357807 0.0506166
2 0.593904 0.195197 0.0363152 0.0591569
2 0.635449 0.132942 0.026553 0.0411645
2 0.542758 0.128879 0.0229549 0.037055
2 0.201914 0.109854 0.0439304 0.0499901
2 0.255599 0.0946825 0.0321128 0.0415036
2 0.601838 0.0646594 0.0156973 0.0216073
2 0.522469 0.0758474 0.0201126 0.0316835
2 0.57808 0.0844765 0.018257 0.0248372
2 0.0755213 0.139293 0.0643812 0.0625725
