2 0.489588 0.499967 0.0902617 0.155669
2 0.505007 0.291155 0.0559714 0.0939995
2 0.606592 0.257749 0.0549297 0.0828054
2 0.469827 0.221748 0.0450533 0.0654129
2 0.53869 0.153546 0.0273746 0.041621
2 0.650556 0.16289 0.0330681 0.0512246
2 0.582193 0.0950298 0.0204372 0.0321865
2 0.202509 0.109784 0.0430613 0.0493957
2 0.256158 0.0948457 0.0328452 0.0416916
6 0.75782 0.107071 0.144453 0.155997
2 0.523668 0.0765804 0.0194698 0.0318053
2 0.548265 0.108147 0.0163847 0.0198873
2 0.0757679 0.139699 0.0646631 0.0618695
2 0.606076 0.0730365 0.016386 0.0215638
