2 0.267083 0.545746 0.133037 0.207119
2 0.757921 0.351481 0.0810599 0.128329
2 0.359864 0.893755 0.172718 0.212491
2 0.517336 0.257015 0.0470672 0.0760501
6 0.830465 0.142886 0.274531 0.234531
2 0.594443 0.134025 0.0307393 0.0474586
2 0.739117 0.936475 0.15871 0.127051
2 0.53878 0.128201 0.0236736 0.0364185
2 0.256186 0.0824705 0.032415 0.0398815
2 0.527931 0.0939745 0.0206873 0.032768
2 0.203492 0.0971236 0.0422351 0.0493154
2 0.615934 0.0802077 0.019014 0.0257016
2 0.551521 0.0686855 0.0187399 0.0347186
2 0.0767472 0.128478 0.0647774 0.0634928
2 0.522702 0.0636335 0.0195642 0.0346957
2 0.306839 0.0739986 0.0277617 0.0260738
