2 0.732714 0.36756 0.0841978 0.118384
2 0.332351 0.406796 0.0843726 0.120249
2 0.60871 0.507772 0.0899549 0.167787
2 0.532852 0.160201 0.0303848 0.0463336
2 0.56486 0.206227 0.0379713 0.0560758
2 0.0787821 0.131707 0.0608741 0.0601485
2 0.603891 0.108529 0.0226095 0.0333082
2 0.498956 0.0664072 0.0190868 0.0305746
2 0.197168 0.10114 0.0412187 0.0466243
2 0.246847 0.0859225 0.0299448 0.038606
2 0.51807 0.117319 0.0222708 0.0346655
2 0.575628 0.0605294 0.0142456 0.023673
2 0.554834 0.0795585 0.0172918 0.0237029
