2 0.645192 0.591462 0.10894 0.197968
2 0.496598 0.390566 0.0670233 0.111927
2 0.524916 0.189734 0.0349175 0.0541778
2 0.669634 0.20414 0.0407934 0.0558598
5 0.694409 0.0737907 0.0745866 0.099681
2 0.533133 0.147324 0.0255468 0.0440514
2 0.607196 0.0910896 0.0187317 0.0300182
2 0.514248 0.0719878 0.0198611 0.0323824
2 0.199356 0.106751 0.0431042 0.0485448
2 0.575487 0.123035 0.0240994 0.036351
2 0.514219 0.120282 0.0219632 0.034567
2 0.252493 0.0913804 0.0310848 0.038763
2 0.0765952 0.136996 0.0622346 0.0643304
2 0.539978 0.093844 0.017909 0.0260053
