2 0.439549 0.710575 0.125829 0.304133
2 0.682376 0.243686 0.060401 0.0971161
2 0.445118 0.16934 0.036754 0.0508045
2 0.614215 0.133321 0.0328249 0.0444843
2 0.566324 0.177693 0.0357975 0.0557108
2 0.975085 0.887856 0.0487465 0.217802
0 0.99168 0.183836 0.0158836 0.074021
2 0.248497 0.0663911 0.0294107 0.0364744
2 0.198772 0.0827002 0.0396802 0.0458278
2 0.0822497 0.112726 0.0594462 0.0597489
2 0.496234 0.0457757 0.0183344 0.0302352
2 0.55009 0.089172 0.0228746 0.0443398
2 0.522261 0.0615596 0.0166046 0.0276097
