2 0.450472 0.611505 0.109114 0.251042
2 0.935707 0.804099 0.127824 0.373975
2 0.6723 0.222277 0.0562122 0.0895804
2 0.449284 0.158984 0.0343969 0.049405
2 0.565461 0.165711 0.0335882 0.0539487
2 0.610676 0.122994 0.0317919 0.0427282
2 0.198918 0.0790284 0.0408244 0.0457291
2 0.549472 0.0803193 0.0223625 0.0452111
2 0.248209 0.0630942 0.0295452 0.0379166
0 0.991493 0.179239 0.0162508 0.0739256
2 0.0825861 0.109626 0.0590074 0.0596644
2 0.578296 0.0470217 0.015049 0.018525
2 0.496162 0.0418617 0.0185978 0.032252
2 0.522926 0.0570888 0.0162186 0.0251808
