2 0.780272 0.393823 0.0839651 0.12165
2 0.519248 0.296824 0.0551157 0.0869266
2 0.590785 0.178528 0.0330762 0.053765
2 0.527906 0.206746 0.0360476 0.063289
2 0.63097 0.123312 0.0248169 0.0399517
2 0.501057 0.165189 0.033597 0.0493637
2 0.521969 0.0760512 0.0195672 0.031162
2 0.201786 0.109815 0.0441705 0.0498544
2 0.255382 0.0945915 0.0319894 0.0411367
2 0.544503 0.121538 0.0203842 0.0334766
2 0.577188 0.0804406 0.0169249 0.022858
6 0.726685 0.0885859 0.113162 0.130635
2 0.550699 0.0874865 0.0152219 0.0289927
2 0.600653 0.0619871 0.0141505 0.0206279
