2 0.944098 0.777658 0.110657 0.313517
2 0.501455 0.424101 0.0779825 0.127348
2 0.600435 0.230979 0.045116 0.074347
2 0.513603 0.264238 0.0502443 0.0833644
2 0.480196 0.203362 0.0403555 0.0587759
2 0.644246 0.15067 0.0297276 0.0473825
2 0.540907 0.144679 0.025423 0.0399453
2 0.202315 0.109832 0.0433235 0.04966
2 0.604071 0.069892 0.0153936 0.021041
2 0.256101 0.0948855 0.0327964 0.0414401
2 0.580671 0.090831 0.0183786 0.0295576
2 0.523411 0.0763697 0.0198217 0.0324904
2 0.0756548 0.139514 0.0645162 0.0624121
