2 0.190935 0.688604 0.160064 0.245252
2 0.910233 0.709266 0.178893 0.281993
2 0.678651 0.911463 0.156982 0.177073
2 0.523028 0.215255 0.038971 0.0618214
2 0.583378 0.286734 0.0525344 0.0820607
2 0.624446 0.13689 0.027352 0.0404107
2 0.520969 0.142638 0.0255799 0.0391876
2 0.0777762 0.134185 0.0612888 0.0615374
2 0.586235 0.0722336 0.0156795 0.0237381
2 0.249154 0.0880641 0.0300411 0.0387944
2 0.197477 0.103431 0.0416835 0.0478656
2 0.561979 0.0940221 0.0190766 0.0304019
2 0.503977 0.0710158 0.0193637 0.0262248
2 0.52759 0.114191 0.0204412 0.0352402
