2 0.770693 0.37528 0.0792435 0.114752
2 0.519616 0.289121 0.0531271 0.0818971
2 0.590149 0.174435 0.0319437 0.0530712
2 0.529084 0.202337 0.0350931 0.0623689
2 0.502625 0.161898 0.0330889 0.0478259
2 0.629859 0.121403 0.0244646 0.0393079
2 0.521917 0.0757906 0.0196099 0.0316544
2 0.544553 0.120151 0.0202671 0.0327152
2 0.201969 0.109693 0.0437275 0.0496113
2 0.255407 0.0945802 0.0320476 0.0412401
2 0.576719 0.0805345 0.0161974 0.0208381
2 0.550898 0.0862063 0.0150576 0.0301086
2 0.600542 0.0618305 0.0142611 0.0207004
