2 0.478304 0.577748 0.105135 0.190514
2 0.500597 0.315971 0.0567454 0.101913
2 0.655968 0.173875 0.036204 0.0555624
2 0.460372 0.237922 0.0483393 0.0718338
2 0.608094 0.283365 0.0535868 0.0911616
2 0.53791 0.160898 0.0275394 0.043839
6 0.762808 0.111618 0.156065 0.164784
2 0.583798 0.0980926 0.0208083 0.033194
2 0.202876 0.109696 0.0428705 0.0491737
2 0.256158 0.0948088 0.0328587 0.0414482
2 0.523748 0.0764754 0.0194836 0.0319389
2 0.546882 0.108756 0.0191862 0.0229031
2 0.0759107 0.139421 0.064994 0.0621499
2 0.60684 0.073259 0.0170725 0.0238787
