2 0.647689 0.576849 0.147241 0.312811
2 0.448525 0.619699 0.115712 0.266386
2 0.738798 0.320093 0.0932423 0.152949
2 0.483912 0.302082 0.0624043 0.117155
2 0.631379 0.121796 0.0387262 0.0607196
2 0.559742 0.0987516 0.0270037 0.044335
2 0.464997 0.0970276 0.0276594 0.0421982
2 0.547208 0.0370017 0.0177198 0.0377123
2 0.59193 0.0669663 0.0265999 0.0357911
0 0.989701 0.152139 0.0185738 0.0737321
2 0.247464 0.0356197 0.0298615 0.0379675
2 0.197547 0.0489987 0.0400232 0.0470719
2 0.0809277 0.0815588 0.0599651 0.0597983
2 0.494544 0.0149106 0.0199499 0.0287669
2 0.293526 0.0263299 0.0223067 0.0248118
