2 0.448978 0.774492 0.13941 0.290072
2 0.617305 0.331187 0.0643988 0.112443
2 0.487841 0.366929 0.06941 0.120776
2 0.441427 0.267589 0.0561108 0.0821867
6 0.773746 0.11833 0.172191 0.17584
2 0.666798 0.192828 0.0399984 0.0630404
2 0.534953 0.174243 0.0319437 0.0468745
2 0.585972 0.104993 0.022887 0.0343251
2 0.203107 0.108247 0.0423491 0.0488628
2 0.255998 0.0923404 0.0325147 0.0403763
2 0.523469 0.0751832 0.0195755 0.0324368
2 0.545498 0.113506 0.0198292 0.024514
2 0.076149 0.137987 0.0645422 0.0631217
2 0.607832 0.0748632 0.0177696 0.0238039
