2 0.626988 0.496463 0.0914045 0.156537
2 0.504608 0.340236 0.05942 0.0972214
2 0.52441 0.179037 0.0318966 0.0505495
2 0.659858 0.187669 0.0363317 0.0521372
2 0.602597 0.0869607 0.0189114 0.0280268
2 0.532372 0.139791 0.0240333 0.0427062
2 0.572698 0.116322 0.0227467 0.0362342
2 0.251638 0.0908555 0.0309669 0.0381188
2 0.199095 0.106252 0.0427231 0.04793
2 0.512561 0.0708642 0.0194232 0.0338806
2 0.0767606 0.136955 0.0621495 0.0642604
5 0.692832 0.0740863 0.0670324 0.088519
2 0.514685 0.113851 0.020848 0.0350988
2 0.539023 0.0901631 0.0168983 0.0263651
2 0.301674 0.082458 0.0281782 0.0281935
