2 0.693472 0.836773 0.159879 0.316408
2 0.477133 0.514904 0.0880222 0.158124
2 0.690165 0.235529 0.04673 0.0672785
2 0.524964 0.210773 0.0373833 0.0581883
2 0.579671 0.135779 0.0260287 0.0405393
2 0.5338 0.159385 0.0277489 0.0465746
2 0.613516 0.0983047 0.0204708 0.0329522
2 0.513629 0.129879 0.0260292 0.037813
2 0.200524 0.106961 0.0434963 0.0483392
2 0.517304 0.0737319 0.0191958 0.0298993
2 0.253703 0.0921874 0.0310877 0.0386584
2 0.0761452 0.13764 0.0629193 0.0631211
5 0.704476 0.0773906 0.081419 0.100977
2 0.542024 0.101548 0.017727 0.0257411
2 0.303055 0.0836796 0.0246771 0.0269022
2 0.568499 0.0679929 0.0154222 0.0198606
