2 0.702637 0.791141 0.160299 0.36583
2 0.401721 0.755862 0.143395 0.31844
2 0.324671 0.450419 0.104897 0.160948
2 0.728284 0.299067 0.0673315 0.10929
6 0.815582 0.134648 0.249162 0.217959
2 0.522392 0.233698 0.0424675 0.0697315
2 0.592378 0.125709 0.0283833 0.043467
2 0.25616 0.0844812 0.0320931 0.0404847
2 0.20386 0.0998371 0.043152 0.0488037
2 0.552021 0.0684342 0.0187201 0.032236
2 0.533274 0.0915986 0.0213873 0.0304561
2 0.0769973 0.130019 0.0645555 0.0628893
2 0.614859 0.0784432 0.0185936 0.0265312
2 0.539595 0.124097 0.0227191 0.0329146
2 0.523125 0.0674482 0.0194725 0.0316851
