2 0.428367 0.628043 0.118063 0.244861
2 0.357091 0.397196 0.0898283 0.13591
2 0.671487 0.625917 0.124002 0.260505
2 0.711405 0.270045 0.0597033 0.0962812
6 0.806536 0.131991 0.233371 0.211154
2 0.525217 0.218199 0.0405966 0.0644444
2 0.591096 0.121615 0.0269796 0.0402596
2 0.0770986 0.131432 0.0641475 0.0638942
2 0.256188 0.0862462 0.0322977 0.0396576
2 0.203395 0.101445 0.0424838 0.0494448
2 0.552525 0.0676448 0.0177551 0.0337743
2 0.523269 0.0690475 0.0188733 0.0311488
2 0.540335 0.121434 0.0238871 0.0308433
2 0.613438 0.0761872 0.0184732 0.0258912
2 0.536066 0.0917436 0.0217741 0.0301049
