2 0.473519 0.607629 0.109874 0.204272
2 0.498667 0.324514 0.0586238 0.104763
2 0.612809 0.291865 0.0624861 0.0961881
2 0.65785 0.177495 0.0357567 0.0553299
2 0.457317 0.243529 0.0491125 0.0738738
2 0.537224 0.163196 0.0283483 0.045046
6 0.765762 0.112493 0.158742 0.164673
2 0.584228 0.0998681 0.020995 0.0329341
2 0.20306 0.109582 0.0426726 0.0489844
2 0.256253 0.0946752 0.0330337 0.0415686
2 0.523729 0.0762775 0.0196135 0.0315132
2 0.54618 0.109694 0.0201025 0.0226313
2 0.607123 0.0741439 0.0165976 0.0246636
2 0.0759125 0.139322 0.0646851 0.0620244
