2 0.179337 0.695345 0.182558 0.28742
2 0.798322 0.425057 0.102725 0.161432
2 0.512072 0.286885 0.0549536 0.0845111
6 0.84588 0.153953 0.298245 0.255236
2 0.595834 0.143977 0.031674 0.0511648
2 0.536754 0.133286 0.0258613 0.0390295
2 0.256337 0.08036 0.0320984 0.0405113
2 0.618398 0.0829316 0.0212154 0.0270381
2 0.524283 0.0962742 0.0220478 0.0337202
2 0.203278 0.0953853 0.0421696 0.0491549
2 0.0768362 0.12679 0.0643973 0.0634438
2 0.551386 0.0691423 0.0187534 0.0365089
2 0.306586 0.0723905 0.0278481 0.0263025
