2 0.875216 0.607527 0.17442 0.278143
2 0.404763 0.264775 0.0523817 0.0754848
2 0.578227 0.293561 0.053879 0.0888649
2 0.652741 0.220994 0.0489421 0.0670639
2 0.554736 0.14912 0.0273773 0.039882
2 0.58856 0.085485 0.0181905 0.0249482
2 0.542108 0.119655 0.0236902 0.0358956
2 0.247045 0.0835235 0.0298327 0.0382291
2 0.0810352 0.129691 0.0596091 0.0602083
2 0.197771 0.0982125 0.0404077 0.0457433
2 0.518041 0.0953255 0.0191182 0.0293816
2 0.495875 0.0637472 0.0194386 0.030394
0 0.992689 0.201738 0.013785 0.077422
2 0.566487 0.0510767 0.0134035 0.0191494
