2 0.458173 0.491633 0.0911127 0.177588
2 0.641272 0.466198 0.0908261 0.174926
2 0.397834 0.334793 0.0734736 0.113594
6 0.792845 0.126613 0.206208 0.196127
2 0.690108 0.23353 0.0506201 0.0777551
2 0.588822 0.114239 0.0250774 0.0390524
2 0.52964 0.198075 0.0352709 0.0555914
2 0.076622 0.135094 0.0644039 0.0636786
2 0.256299 0.0885429 0.0319295 0.0387668
2 0.203069 0.104036 0.0421633 0.049653
2 0.553228 0.0691979 0.0162693 0.0322419
2 0.523516 0.0701189 0.0190748 0.0336044
2 0.611123 0.0757422 0.0182257 0.0248873
