2 0.412911 0.887177 0.159109 0.225227
2 0.707171 0.295291 0.0725778 0.117477
2 0.437594 0.190767 0.0387501 0.0560862
2 0.568932 0.202625 0.0387544 0.0615799
2 0.496119 0.0529844 0.0185249 0.0311064
2 0.247777 0.0738902 0.030139 0.038949
2 0.198298 0.0887316 0.0412644 0.0464055
2 0.621743 0.152615 0.0354352 0.0491113
0 0.991978 0.189767 0.0152803 0.0751589
2 0.580995 0.0609414 0.0147684 0.0211341
2 0.550478 0.104618 0.0244443 0.041253
2 0.520559 0.0725769 0.0173782 0.0282759
2 0.0820644 0.119162 0.0598804 0.0590417
2 0.564283 0.031657 0.0135758 0.0216137
