2 0.897751 0.627111 0.199401 0.322783
2 0.463005 0.500867 0.0918142 0.196127
2 0.659598 0.192496 0.0506166 0.079901
2 0.56419 0.149559 0.0317448 0.0511535
2 0.453913 0.143518 0.0330608 0.0478192
2 0.549012 0.0704443 0.0220568 0.0431774
2 0.248168 0.0577813 0.0292023 0.0375576
0 0.991241 0.174258 0.0164804 0.0740665
2 0.198964 0.072898 0.0400363 0.0454399
2 0.606073 0.109431 0.0301939 0.0398047
2 0.57715 0.0395346 0.0145748 0.0164322
2 0.0821522 0.103144 0.0599986 0.0603812
2 0.495664 0.0364808 0.0190601 0.0310723
