2 0.683049 0.755845 0.191404 0.423666
2 0.431893 0.799403 0.144575 0.372358
2 0.773067 0.391583 0.113959 0.185927
2 0.47795 0.354852 0.0687576 0.135651
2 0.461419 0.112502 0.0279703 0.043922
2 0.596041 0.0819924 0.0273016 0.0360031
2 0.63907 0.144424 0.0417933 0.0655333
2 0.561351 0.11612 0.0279103 0.046002
2 0.5474 0.0492436 0.0187954 0.0392311
2 0.0817126 0.0898115 0.0604845 0.059431
0 0.990013 0.160424 0.0181175 0.0745456
2 0.495308 0.023246 0.018787 0.0290731
2 0.247695 0.0433279 0.0296408 0.0380847
2 0.19772 0.0588829 0.0415557 0.0454095
