2 0.440669 0.741613 0.127659 0.251593
2 0.714554 0.276668 0.0560232 0.0793138
2 0.533429 0.17543 0.0317876 0.0531898
2 0.52452 0.236779 0.0416932 0.0663936
2 0.584276 0.148544 0.0281069 0.0441458
2 0.510847 0.140038 0.0284621 0.0431176
2 0.519417 0.0737372 0.0199935 0.0332521
5 0.713986 0.0813383 0.0877058 0.11402
2 0.620133 0.106491 0.0224229 0.0334048
2 0.543678 0.109497 0.0206458 0.027569
2 0.200596 0.108297 0.0442471 0.0494956
2 0.254315 0.0928556 0.031681 0.0388276
2 0.0757795 0.138402 0.0636982 0.0626146
2 0.303009 0.08411 0.023725 0.0260529
