2 0.717618 0.829372 0.17686 0.338075
2 0.389345 0.809842 0.158036 0.34944
2 0.312511 0.471011 0.111653 0.170417
2 0.734708 0.309578 0.0701941 0.112656
2 0.520781 0.238681 0.0432786 0.0697946
6 0.818013 0.136482 0.259223 0.225968
2 0.592876 0.128351 0.0290954 0.0435353
2 0.256152 0.0842564 0.0319773 0.0400434
2 0.203797 0.0992445 0.0435359 0.0489643
2 0.531504 0.0921011 0.0209902 0.0297304
2 0.551989 0.068888 0.0182503 0.0316981
2 0.0769397 0.129507 0.0642585 0.0639041
2 0.538552 0.125566 0.0246656 0.0332713
2 0.615266 0.0783146 0.0186957 0.026313
2 0.523014 0.0666164 0.0195577 0.0319126
