2 0.922188 0.663854 0.154984 0.256175
2 0.505819 0.392907 0.0732781 0.116949
2 0.516065 0.251206 0.0494261 0.0798408
2 0.597926 0.219507 0.0409133 0.0679577
2 0.485037 0.195435 0.0401265 0.0584728
2 0.641695 0.144934 0.0288781 0.045665
2 0.541553 0.139316 0.0245594 0.0406075
2 0.202209 0.109888 0.0434594 0.0500539
2 0.579982 0.0886239 0.019018 0.0285199
6 0.741869 0.099487 0.122752 0.147912
2 0.256023 0.0946676 0.0326037 0.0412173
2 0.603006 0.0674486 0.0166246 0.0206521
2 0.523224 0.07619 0.0202293 0.0327399
2 0.0755612 0.139225 0.0642947 0.0623579
