2 0.791398 0.452857 0.118482 0.190041
2 0.417805 0.237961 0.0472891 0.0668104
2 0.57364 0.259509 0.0479958 0.0757304
2 0.553307 0.135735 0.0267608 0.038157
2 0.640291 0.195864 0.0436121 0.0587465
2 0.58593 0.076747 0.0192608 0.0286112
2 0.247241 0.0822973 0.0299019 0.0375969
2 0.542652 0.111966 0.0248783 0.0370427
2 0.0812925 0.126999 0.0587837 0.0595064
2 0.197749 0.0963281 0.0400878 0.0456475
0 0.992326 0.199552 0.0145187 0.0751532
2 0.495452 0.0614072 0.019569 0.0297365
2 0.565349 0.0450169 0.0136881 0.0194263
2 0.518596 0.0884184 0.0194643 0.0278929
2 0.293881 0.0725495 0.0220775 0.0237846
