2 0.763541 0.403414 0.102618 0.165157
2 0.423324 0.225411 0.0450573 0.0642019
2 0.634737 0.18416 0.0420807 0.0554974
2 0.572917 0.243971 0.0453278 0.0728228
2 0.247386 0.0795385 0.0294622 0.0382415
2 0.552257 0.129356 0.0263525 0.0347794
2 0.197647 0.0947047 0.0398638 0.0457406
2 0.584148 0.0738706 0.0168344 0.0257573
0 0.992305 0.196589 0.0145432 0.0768869
2 0.0813887 0.125866 0.0594782 0.0594667
2 0.543178 0.106646 0.024346 0.0357666
2 0.495452 0.0589259 0.0195356 0.0317747
2 0.294194 0.0709583 0.0227352 0.0231698
