2 0.632118 0.526487 0.0964968 0.170178
2 0.501725 0.355826 0.0613767 0.102675
2 0.524611 0.182739 0.0325021 0.0511987
2 0.66286 0.192765 0.0378889 0.0532926
2 0.532588 0.1415 0.0243473 0.043062
2 0.604174 0.0877471 0.018841 0.0285369
2 0.199222 0.106373 0.0429122 0.0478799
2 0.573448 0.118206 0.0230501 0.0366086
2 0.513026 0.0708184 0.0194618 0.0343947
5 0.690794 0.0708312 0.0736079 0.0954775
2 0.0766795 0.137002 0.0622196 0.0642776
2 0.251868 0.0912475 0.0310494 0.0382256
2 0.514339 0.116589 0.0214027 0.0341366
2 0.538938 0.0918516 0.0173294 0.0277698
2 0.563796 0.0632351 0.0140038 0.0186008
2 0.301833 0.0826894 0.0275385 0.0277916
