2 0.0836796 0.86288 0.166629 0.267826
2 0.862253 0.53931 0.137615 0.220656
2 0.504824 0.32461 0.0612194 0.0976776
6 0.84687 0.157764 0.30583 0.266008
2 0.598101 0.157087 0.0355547 0.0542043
2 0.534844 0.13973 0.0276838 0.0423489
2 0.256315 0.0792505 0.0325826 0.0395583
2 0.203265 0.0944039 0.0423338 0.0492727
2 0.520895 0.0992471 0.0221519 0.0360758
2 0.620789 0.0853831 0.020807 0.0270605
2 0.0767172 0.12595 0.0643926 0.062278
2 0.550348 0.0710289 0.0183249 0.0350532
2 0.522658 0.0592783 0.0198405 0.0332959
