2 0.248747 0.576306 0.144034 0.221931
2 0.76639 0.365585 0.0858548 0.136005
2 0.516285 0.264617 0.0489185 0.0760309
6 0.832674 0.145171 0.284606 0.23964
2 0.594476 0.135819 0.0305421 0.0477788
2 0.537568 0.129463 0.0254105 0.0370894
2 0.352164 0.928676 0.160028 0.142648
2 0.256207 0.08158 0.0321732 0.040341
2 0.203443 0.096447 0.0422765 0.0493846
2 0.527101 0.0955125 0.0217929 0.0310955
2 0.616582 0.0818323 0.0197442 0.0241417
2 0.076845 0.127645 0.0642708 0.0629886
2 0.551838 0.0690999 0.0177836 0.0339968
2 0.523005 0.0637977 0.0188553 0.032925
2 0.306369 0.0734678 0.0269606 0.0260825
