2 0.283563 0.51817 0.125221 0.19261
2 0.365189 0.864612 0.180616 0.270775
2 0.74897 0.337327 0.0774202 0.122561
2 0.734179 0.894486 0.177712 0.209462
6 0.824796 0.140559 0.270101 0.231993
2 0.518993 0.249866 0.0464011 0.0741598
2 0.593474 0.132101 0.0304503 0.0467561
2 0.53799 0.127679 0.0254475 0.0346511
2 0.256202 0.0834714 0.032341 0.0395501
2 0.203583 0.0977203 0.0422554 0.0494603
2 0.55167 0.0697078 0.0180606 0.0309074
2 0.528653 0.0930169 0.0208948 0.03138
2 0.616075 0.0787023 0.0187013 0.0262304
2 0.0769475 0.12881 0.0643612 0.0638521
2 0.522438 0.063816 0.0193836 0.0338833
2 0.307192 0.0743752 0.0283092 0.0263933
