2 0.639118 0.533491 0.13856 0.28733
2 0.729114 0.299131 0.0885283 0.145022
2 0.452715 0.574644 0.109535 0.246197
2 0.485156 0.285165 0.0602562 0.111422
2 0.590385 0.0619496 0.0280366 0.0349647
2 0.559486 0.0926662 0.0275513 0.0440017
2 0.629158 0.114404 0.0377457 0.0591592
2 0.466597 0.0921994 0.0281083 0.0413082
0 0.989737 0.14951 0.0185011 0.0729262
2 0.547086 0.0328031 0.0183881 0.0363767
2 0.246908 0.0319523 0.0297912 0.0382639
2 0.0805486 0.0777904 0.0604151 0.0586272
2 0.197198 0.0469535 0.0409385 0.0471201
2 0.495079 0.0135254 0.0189964 0.0257994
2 0.522814 0.0145191 0.0158554 0.0267408
