2 0.827564 0.521959 0.141087 0.229835
2 0.411576 0.250084 0.0484235 0.0699484
2 0.554014 0.142309 0.0269319 0.0376924
2 0.576247 0.27617 0.0505478 0.0820447
2 0.646184 0.207861 0.0460512 0.0630025
2 0.24717 0.0828037 0.0298779 0.0379886
2 0.197851 0.0972416 0.0401003 0.0456499
2 0.542657 0.116533 0.0248653 0.036215
2 0.58734 0.0796291 0.0186704 0.0282843
2 0.518422 0.0913602 0.0188509 0.0294451
0 0.992417 0.201141 0.0143326 0.075474
2 0.0809359 0.128419 0.0588597 0.0595813
2 0.495595 0.0627159 0.0193001 0.0299891
2 0.565734 0.0481817 0.0129116 0.019664
