2 0.883741 0.578491 0.150611 0.240447
2 0.503407 0.336046 0.0628977 0.101911
2 0.0649868 0.895352 0.129152 0.205325
2 0.598657 0.160452 0.0358757 0.0561051
2 0.534122 0.142224 0.0282564 0.0431874
6 0.845095 0.156427 0.30981 0.272079
2 0.256387 0.0790371 0.0325007 0.0396663
2 0.203278 0.0939151 0.042379 0.049282
2 0.519613 0.102349 0.0220362 0.0320434
2 0.621629 0.0849281 0.0215313 0.0292148
2 0.0766612 0.125651 0.064316 0.0624389
2 0.550136 0.071014 0.0182045 0.0361679
2 0.522352 0.0591564 0.0203053 0.0326956
2 0.30578 0.0708871 0.025215 0.0257954
