2 0.0995433 0.834416 0.198595 0.319671
2 0.843131 0.506242 0.127204 0.205687
2 0.507071 0.314487 0.0598731 0.0924307
6 0.847932 0.15572 0.303017 0.264563
2 0.59716 0.154015 0.0343752 0.0535728
2 0.535315 0.137983 0.0274714 0.0427327
2 0.256361 0.0794686 0.0324366 0.0395047
2 0.620484 0.0849139 0.0206432 0.0261377
2 0.521736 0.0982951 0.0224965 0.0364759
2 0.203259 0.0945955 0.042184 0.049284
2 0.550512 0.0703818 0.0185978 0.0358652
2 0.0768069 0.126161 0.064334 0.063282
2 0.522866 0.0595252 0.0204389 0.0337411
