2 0.813958 0.454426 0.0994486 0.149098
2 0.515233 0.324146 0.0600992 0.0943221
2 0.496065 0.175348 0.0353026 0.050149
2 0.524219 0.220124 0.0411628 0.0688362
2 0.593007 0.190813 0.0352915 0.0581407
2 0.633989 0.130079 0.0263884 0.0418415
2 0.601912 0.0647569 0.0155734 0.0217523
2 0.255595 0.0947513 0.0321057 0.0415862
2 0.201849 0.109784 0.0440388 0.04993
2 0.522334 0.0758111 0.0202629 0.0314713
2 0.543125 0.128942 0.021769 0.0336488
2 0.57809 0.0838649 0.0179049 0.0241182
2 0.075554 0.139178 0.0642964 0.0623532
