2 0.112285 0.834642 0.211501 0.310945
2 0.520373 0.236423 0.0428974 0.0662532
2 0.590173 0.317673 0.0588702 0.0921459
2 0.077705 0.134657 0.0614781 0.0613603
2 0.631266 0.146138 0.0290499 0.0429349
2 0.521464 0.149884 0.0282418 0.0416112
2 0.249719 0.0886157 0.0310388 0.0388193
2 0.565206 0.0984872 0.0197988 0.0309174
2 0.589525 0.0760525 0.0168905 0.024204
2 0.1977 0.104412 0.0422267 0.0472895
2 0.505822 0.0705763 0.0193853 0.0281385
2 0.528499 0.119411 0.0215762 0.038695
2 0.948365 0.854435 0.10217 0.273172
