2 0.431279 0.855467 0.160716 0.286892
2 0.481292 0.391643 0.0735289 0.129243
2 0.621226 0.358188 0.0677484 0.126467
2 0.431919 0.281786 0.05986 0.0884316
6 0.778563 0.119715 0.179911 0.181252
2 0.67161 0.200826 0.0423708 0.0641485
2 0.533893 0.178548 0.0335099 0.0508663
2 0.586707 0.107027 0.023328 0.0350886
2 0.202851 0.107196 0.0425981 0.049159
2 0.0760946 0.137631 0.0644897 0.0639822
2 0.25616 0.0916052 0.0320706 0.0397472
2 0.52352 0.0750176 0.0193089 0.0322069
2 0.608318 0.0749055 0.0177485 0.0240168
2 0.544948 0.115916 0.0191914 0.0228808
