2 0.789582 0.471729 0.114893 0.165416
2 0.633569 0.673871 0.118505 0.242953
2 0.284996 0.499976 0.10744 0.155139
2 0.572082 0.236378 0.0431636 0.0681492
2 0.528003 0.182511 0.0334276 0.0516921
2 0.580027 0.0653099 0.0155706 0.0233166
2 0.0781593 0.132838 0.0614674 0.0610328
2 0.247598 0.0869184 0.0304268 0.0388353
2 0.500647 0.0674966 0.0184542 0.0313701
2 0.519033 0.126379 0.0239594 0.038334
2 0.196912 0.102128 0.0414787 0.0478327
2 0.612203 0.116272 0.0233072 0.0437604
2 0.525119 0.104241 0.0198303 0.0307146
