2 0.860317 0.539003 0.125001 0.189805
2 0.511779 0.356522 0.0655375 0.103598
2 0.595876 0.204102 0.03943 0.0622033
2 0.521355 0.234644 0.0425128 0.0745372
2 0.49162 0.184686 0.037167 0.0538387
2 0.638127 0.137434 0.0278125 0.0424278
2 0.542446 0.132505 0.0231898 0.040011
2 0.20222 0.10982 0.043448 0.0497704
2 0.602802 0.0650192 0.0160571 0.0239046
2 0.25602 0.0946246 0.0326204 0.0412112
2 0.522911 0.0757826 0.0205112 0.0323751
2 0.579013 0.0863511 0.0179354 0.0245331
2 0.0755131 0.139274 0.0644276 0.0624706
