2 0.746288 0.332075 0.068045 0.0939628
2 0.522467 0.265646 0.0487695 0.076005
2 0.588384 0.164535 0.0314706 0.0484417
2 0.531168 0.191135 0.0357727 0.0587724
2 0.626165 0.116508 0.0232385 0.0356989
2 0.506391 0.152872 0.0317666 0.0472409
2 0.521169 0.0753484 0.0201321 0.0322945
2 0.544373 0.115586 0.0199915 0.0310035
5 0.722229 0.0848902 0.0971111 0.124223
2 0.201804 0.109453 0.0438205 0.049342
2 0.255252 0.0940364 0.0321356 0.0406793
9 0.785998 0.0697809 0.00967598 0.0387793
2 0.303545 0.0847097 0.0244117 0.0260897
2 0.0756759 0.138786 0.0637249 0.0622804
