2 0.669823 0.729205 0.135298 0.272082
2 0.486237 0.457987 0.0780354 0.137796
2 0.681774 0.222084 0.0434059 0.061616
2 0.525106 0.202455 0.0357756 0.0557518
2 0.611384 0.0952265 0.0201935 0.0317169
2 0.578622 0.12985 0.0267469 0.0406495
2 0.533877 0.15386 0.0273605 0.0454046
5 0.70236 0.0771709 0.0741394 0.0982686
2 0.515985 0.0729909 0.0203367 0.0308726
2 0.200111 0.107014 0.0431576 0.0475143
2 0.513457 0.125684 0.0244091 0.0377215
2 0.0762492 0.137525 0.0628099 0.0638484
2 0.541904 0.0979081 0.0179817 0.0264649
2 0.253166 0.0918533 0.0312647 0.0389793
2 0.567431 0.0660925 0.0154945 0.019599
2 0.303013 0.083824 0.0260058 0.0268116
