2 0.4561 0.726871 0.130931 0.266229
2 0.491315 0.355144 0.0653221 0.113708
6 0.772032 0.117583 0.168257 0.173732
2 0.615782 0.321843 0.0632883 0.109255
2 0.445946 0.261812 0.0543878 0.0795161
2 0.535391 0.171671 0.03112 0.0465915
2 0.585246 0.105089 0.0221262 0.0314934
2 0.203244 0.108919 0.0422455 0.048849
2 0.664224 0.188865 0.0386637 0.0609764
2 0.256094 0.0932354 0.0326029 0.0401447
2 0.523632 0.075622 0.0199369 0.0316179
2 0.54556 0.112859 0.0198334 0.0238007
2 0.607691 0.0748141 0.017449 0.0238082
2 0.0760694 0.138485 0.0644597 0.0624677
2 0.305904 0.0845287 0.0261549 0.0262291
