2 0.44783 0.540007 0.100991 0.197449
2 0.383253 0.357105 0.0795979 0.12009
2 0.650714 0.518613 0.10016 0.201156
6 0.798393 0.127941 0.217284 0.202211
2 0.698157 0.246653 0.0542275 0.0845001
2 0.528303 0.205603 0.0367206 0.0594404
2 0.58947 0.116961 0.0261659 0.0391631
2 0.256376 0.087673 0.0320634 0.0399258
2 0.20341 0.103261 0.0425218 0.04979
2 0.523056 0.0690471 0.0191414 0.0331536
2 0.0768961 0.133564 0.0644956 0.0631143
2 0.552852 0.0680977 0.0173517 0.0340832
2 0.538893 0.0890048 0.0198586 0.0303988
