2 0.585173 0.348852 0.063228 0.108113
2 0.38543 0.303088 0.0604727 0.0881912
2 0.673123 0.259033 0.0577505 0.0790235
2 0.961892 0.865839 0.0751339 0.264736
2 0.557433 0.165637 0.0306874 0.047247
2 0.0803082 0.13042 0.0602155 0.0606108
2 0.592723 0.093013 0.0200274 0.027716
2 0.539436 0.133679 0.0255842 0.0396006
2 0.246817 0.084582 0.0300464 0.038517
2 0.197585 0.099798 0.0406109 0.0459316
2 0.49635 0.0647024 0.0193313 0.0308355
0 0.993894 0.2045 0.0114021 0.0769305
2 0.517285 0.10232 0.0185164 0.0307852
