2 0.440147 0.827153 0.150655 0.316554
2 0.618662 0.344411 0.0652001 0.117717
2 0.483594 0.378512 0.0741086 0.12491
6 0.776216 0.119228 0.174879 0.177213
2 0.436894 0.273977 0.0577063 0.0835301
2 0.669029 0.196353 0.0411116 0.0633942
2 0.534502 0.176652 0.0320641 0.0499065
2 0.586429 0.105902 0.0232569 0.0346022
2 0.203008 0.107748 0.0425181 0.049105
2 0.256184 0.092011 0.0321981 0.0404503
2 0.523433 0.0750602 0.0191975 0.0322554
2 0.0760487 0.13796 0.0645993 0.0640778
2 0.545105 0.115187 0.0203354 0.0222466
2 0.608005 0.074786 0.0176218 0.0242789
