2 0.35339 0.365033 0.0744531 0.10712
2 0.598789 0.441533 0.0790933 0.139893
2 0.708831 0.322106 0.0732853 0.102648
2 0.561826 0.189938 0.0351541 0.0555051
2 0.535055 0.150027 0.0289204 0.0429724
2 0.0790485 0.131085 0.0603821 0.0595026
2 0.599961 0.103235 0.0213451 0.0296805
2 0.246813 0.0852759 0.0300061 0.0384372
2 0.196993 0.10032 0.0413984 0.0458863
2 0.49797 0.0665159 0.0178417 0.0280696
2 0.572542 0.0571043 0.0138968 0.0232752
2 0.517434 0.112707 0.0214994 0.0334243
2 0.293522 0.0766063 0.0229175 0.0251867
