2 0.680326 0.786093 0.146915 0.312909
2 0.482069 0.483422 0.0824681 0.145715
2 0.525211 0.205847 0.0352825 0.0562813
2 0.685629 0.228028 0.0456454 0.0631585
2 0.579115 0.132499 0.0261063 0.0403207
2 0.533868 0.157147 0.0272055 0.0466725
2 0.514405 0.127778 0.0269873 0.0387417
2 0.612802 0.0967439 0.0200573 0.0327612
2 0.200277 0.107275 0.043606 0.0479466
5 0.705431 0.0800294 0.0734757 0.099027
2 0.516516 0.0733838 0.0198015 0.0303284
2 0.076333 0.137517 0.0626562 0.06389
2 0.25347 0.0917943 0.0312815 0.038994
2 0.542353 0.0988062 0.017873 0.0274058
2 0.303217 0.083832 0.0257347 0.026893
