2 0.809019 0.48665 0.130111 0.20858
2 0.415102 0.244106 0.0483592 0.0676855
2 0.574928 0.267296 0.0496519 0.0814272
2 0.553563 0.13836 0.0269833 0.0388743
2 0.643456 0.202272 0.0444456 0.0604179
2 0.247205 0.0825359 0.0298471 0.0378607
2 0.197749 0.097027 0.0403032 0.0457314
2 0.543079 0.114158 0.023608 0.0366274
2 0.586999 0.0782171 0.0182419 0.0276491
2 0.0810632 0.127852 0.0588138 0.059511
0 0.99242 0.20037 0.0143307 0.075127
2 0.565751 0.0468555 0.0128756 0.0185801
2 0.4953 0.0621822 0.0197529 0.0296077
2 0.517985 0.0900282 0.0181749 0.0289775
