2 0.61882 0.426708 0.114336 0.232
2 0.705317 0.244477 0.0752401 0.121806
2 0.462659 0.464081 0.0923252 0.195368
2 0.490469 0.243112 0.0538636 0.0986179
2 0.62262 0.0927347 0.034799 0.0567128
2 0.470807 0.0742604 0.0260824 0.0404066
2 0.558282 0.0750641 0.0258398 0.0423435
0 0.989248 0.139587 0.0181438 0.0726915
2 0.0804615 0.0672817 0.061465 0.0595981
2 0.196833 0.0373695 0.0415355 0.0457693
2 0.587104 0.0467779 0.0238417 0.0307795
2 0.546348 0.0195784 0.0174902 0.0348926
2 0.24676 0.021441 0.0296366 0.0371416
