2 0.753615 0.345415 0.0721153 0.104847
2 0.52166 0.272948 0.0504269 0.0795577
2 0.530636 0.194721 0.0357317 0.0607909
2 0.544249 0.117366 0.0203777 0.0314403
2 0.588601 0.166745 0.0312372 0.0498895
2 0.521511 0.075638 0.0198421 0.0321666
2 0.504836 0.156606 0.0320597 0.0468716
2 0.201656 0.109645 0.0442323 0.0496243
2 0.255341 0.0943676 0.0318698 0.0408395
2 0.627672 0.117155 0.0236807 0.0373018
5 0.723717 0.0850096 0.101376 0.125932
2 0.550514 0.0857221 0.0143452 0.0282508
2 0.304557 0.084837 0.0257765 0.0262363
