2 0.87936 0.57539 0.136683 0.209558
2 0.509269 0.367794 0.0672424 0.106014
2 0.519703 0.240428 0.0447563 0.0761413
2 0.595945 0.209015 0.0394271 0.0638274
2 0.489278 0.188103 0.0379828 0.0545556
2 0.542088 0.13446 0.0237199 0.0409248
2 0.639467 0.139432 0.0277991 0.043908
2 0.602945 0.0660293 0.0159186 0.0225843
2 0.202239 0.109835 0.0434009 0.0497509
2 0.256019 0.0946451 0.0326153 0.0411754
2 0.579343 0.0871218 0.0184166 0.026437
2 0.523112 0.0756979 0.0202646 0.0327483
6 0.743465 0.100891 0.118092 0.142567
2 0.0755274 0.139264 0.0643957 0.0623884
