2 0.932377 0.715825 0.134638 0.282396
2 0.503713 0.40804 0.0755648 0.121682
2 0.515593 0.257535 0.0478681 0.0817329
2 0.599408 0.22474 0.0437733 0.0708707
2 0.483108 0.198272 0.0406564 0.0580163
2 0.541378 0.141803 0.0246664 0.0400566
2 0.642951 0.147675 0.0293097 0.0458912
2 0.202119 0.109921 0.0436918 0.0501042
2 0.580534 0.0895136 0.0191589 0.029423
2 0.256019 0.0946471 0.0325848 0.0411465
2 0.603584 0.069075 0.0160781 0.0210233
2 0.523353 0.0761285 0.019821 0.0328092
6 0.747107 0.101404 0.127343 0.148998
2 0.0755745 0.139264 0.0642829 0.0627049
