2 0.465812 0.587901 0.0999253 0.187812
2 0.699285 0.250117 0.0506903 0.0710574
2 0.525058 0.220924 0.0400699 0.062809
2 0.713063 0.902639 0.175472 0.191959
2 0.581699 0.139938 0.026202 0.0427746
2 0.53394 0.165775 0.0285951 0.0498259
2 0.512595 0.133981 0.0260553 0.0388883
2 0.616024 0.101451 0.0206255 0.0335446
2 0.200526 0.107615 0.0437695 0.0493334
2 0.518617 0.0739486 0.019988 0.0308705
2 0.254002 0.0924948 0.0311633 0.0383784
2 0.0759843 0.138094 0.0632703 0.0626403
5 0.706154 0.0785179 0.0894568 0.110597
2 0.5426 0.103884 0.0189169 0.0294737
2 0.302679 0.0838027 0.0240084 0.0271236
