2 0.630023 0.404431 0.0771372 0.146858
2 0.471326 0.43339 0.0808248 0.148833
6 0.786229 0.123709 0.191356 0.186839
2 0.416641 0.306725 0.0657137 0.0997852
2 0.679818 0.215559 0.0458838 0.0709675
2 0.531745 0.188061 0.0340681 0.052715
2 0.587747 0.111261 0.0237895 0.0354646
2 0.415552 0.943908 0.155942 0.112184
2 0.256022 0.0901114 0.0321363 0.0389825
2 0.20298 0.105593 0.0423996 0.0489643
2 0.553385 0.0694846 0.0161266 0.0315575
2 0.523252 0.0719427 0.020565 0.0333198
2 0.0764197 0.136213 0.064777 0.0637763
2 0.609694 0.0755319 0.017145 0.025023
2 0.543024 0.117399 0.0222399 0.0265045
2 0.542504 0.0879345 0.0198773 0.0267418
