2 0.211122 0.647523 0.14874 0.222706
2 0.679683 0.87722 0.171009 0.241723
2 0.889739 0.656297 0.177259 0.254698
2 0.58144 0.276447 0.0515689 0.0790238
2 0.523626 0.208228 0.0372055 0.0577368
2 0.520466 0.140964 0.0254004 0.0383906
2 0.0779252 0.133968 0.0610543 0.061462
2 0.62246 0.133551 0.0278093 0.0399097
2 0.248897 0.087779 0.0298323 0.0390793
2 0.197323 0.103101 0.0415517 0.0478744
2 0.584953 0.0710333 0.0159233 0.0251036
2 0.527285 0.112369 0.0200197 0.0335659
2 0.561717 0.0918875 0.0190724 0.030441
2 0.503362 0.0702806 0.0198439 0.02674
