2 0.841684 0.570392 0.145182 0.209666
2 0.657599 0.825852 0.146534 0.327484
2 0.244899 0.580466 0.129459 0.190784
2 0.577452 0.260149 0.0493628 0.0754231
2 0.525675 0.197978 0.0354408 0.0566837
2 0.519723 0.134651 0.023925 0.0381677
2 0.0780818 0.13291 0.0608965 0.0605279
2 0.582908 0.0686162 0.016107 0.02314
2 0.248236 0.0872111 0.0303761 0.0388681
2 0.197313 0.102415 0.0408716 0.0486427
2 0.526597 0.109545 0.0184602 0.0317291
2 0.560781 0.0894108 0.0183092 0.0274084
2 0.502761 0.0677532 0.0194851 0.0310816
