2 0.622342 0.471403 0.0868538 0.145345
2 0.506491 0.326574 0.0569347 0.0938086
2 0.656425 0.182682 0.0363167 0.0505955
2 0.524039 0.1765 0.0313393 0.049683
2 0.60135 0.084963 0.01839 0.0285429
2 0.532539 0.137607 0.023243 0.0416586
2 0.571706 0.113613 0.0225368 0.0376995
2 0.511995 0.0717318 0.0191463 0.0318644
2 0.25144 0.0906046 0.0309667 0.0378564
2 0.0767997 0.136811 0.0621002 0.0633795
2 0.199314 0.106021 0.0418389 0.0476214
5 0.688385 0.0709754 0.069648 0.0917383
2 0.515037 0.111938 0.0216307 0.0347563
2 0.538899 0.0885541 0.0164127 0.0263738
2 0.301273 0.082276 0.0275242 0.0275352
