2 0.69088 0.728545 0.145929 0.326395
2 0.411787 0.707793 0.133627 0.291896
2 0.336618 0.431641 0.0994922 0.151849
2 0.722513 0.288613 0.0650444 0.104223
2 0.522749 0.22813 0.0418135 0.0671304
6 0.812634 0.133915 0.242192 0.215214
2 0.591799 0.124393 0.0278801 0.042437
2 0.256043 0.0850832 0.0320515 0.0402977
2 0.0767999 0.130401 0.0648147 0.0628834
2 0.203685 0.100176 0.0428677 0.0493732
2 0.552272 0.0680191 0.0174969 0.032337
2 0.533846 0.0917532 0.0214355 0.0293597
2 0.614106 0.0770232 0.0182039 0.0276301
2 0.540248 0.122781 0.0222494 0.0334968
2 0.522815 0.0675794 0.0197412 0.0320475
