2 0.613474 0.428178 0.0792921 0.132486
2 0.510216 0.301358 0.0516201 0.0864153
2 0.650012 0.173942 0.0339893 0.0471838
2 0.523881 0.169592 0.0301783 0.0465763
2 0.599118 0.0826432 0.0175007 0.0277939
2 0.510633 0.0711575 0.0187345 0.0299608
2 0.077041 0.136115 0.061769 0.0619275
2 0.531356 0.135423 0.0227282 0.0437866
2 0.250964 0.0903794 0.0310207 0.0380979
2 0.515364 0.10901 0.0208676 0.0329976
2 0.199052 0.105732 0.0413872 0.0474958
2 0.570172 0.109643 0.0212631 0.0354381
2 0.560617 0.0578705 0.0135681 0.0214837
