2 0.627312 0.388821 0.0753561 0.138997
2 0.474935 0.41832 0.0775056 0.140481
6 0.783102 0.122379 0.185603 0.182258
2 0.419447 0.910936 0.164233 0.178127
2 0.42243 0.297531 0.0636791 0.0941739
2 0.67709 0.210427 0.0445425 0.0697162
2 0.532609 0.185208 0.0335464 0.0516962
2 0.587467 0.109695 0.0238203 0.03476
2 0.0762402 0.136903 0.0643984 0.0637347
2 0.256229 0.0907453 0.0321305 0.0390935
2 0.202893 0.105878 0.042403 0.0491633
2 0.523383 0.0731465 0.0200713 0.0323741
2 0.544185 0.115269 0.0201043 0.0274072
2 0.608683 0.0752672 0.0180752 0.0249874
2 0.553154 0.0694434 0.0158669 0.0317526
