2 0.599252 0.356297 0.0669708 0.103142
2 0.516277 0.261016 0.0460951 0.0735701
2 0.070768 0.920232 0.140456 0.154766
2 0.638575 0.157103 0.0317342 0.0451303
2 0.522938 0.158955 0.0282008 0.0423015
2 0.0774949 0.13522 0.0614776 0.061735
2 0.250335 0.0893796 0.0310474 0.0380363
2 0.507528 0.069815 0.0193987 0.0317238
2 0.530206 0.124625 0.0228077 0.037531
2 0.566748 0.103244 0.0206223 0.0326957
2 0.198323 0.105459 0.0412143 0.0472084
5 0.677378 0.0622149 0.0658352 0.0918196
2 0.59428 0.0794353 0.016713 0.023449
