2 0.943576 0.826436 0.112177 0.334426
2 0.389917 0.295208 0.0578727 0.0846068
2 0.583805 0.33602 0.0619891 0.100607
2 0.668916 0.249804 0.0554766 0.0772306
2 0.557225 0.16212 0.0304716 0.0457508
2 0.0804347 0.130421 0.0603391 0.0609389
2 0.540136 0.130945 0.0241217 0.0381606
2 0.246839 0.0845205 0.0299895 0.0384419
2 0.197671 0.0995133 0.0404896 0.0459719
2 0.591648 0.0890827 0.0191152 0.0319809
2 0.496021 0.0644517 0.0191463 0.0310755
0 0.993635 0.202844 0.0119192 0.0787593
2 0.517407 0.101654 0.0190037 0.0297215
