2 0.902168 0.616192 0.149677 0.22877
2 0.507586 0.379385 0.0704966 0.112136
2 0.517656 0.246021 0.0471307 0.0780042
2 0.596585 0.214517 0.0405006 0.0667418
2 0.486993 0.19131 0.0387928 0.0564805
2 0.542023 0.136948 0.0234861 0.0406719
2 0.640464 0.14265 0.0287868 0.0433303
6 0.744898 0.10171 0.116735 0.147029
2 0.202202 0.109863 0.0434949 0.0500585
2 0.603005 0.0666909 0.0158894 0.0209127
2 0.579435 0.0887352 0.0184402 0.0256313
2 0.256021 0.0946044 0.0326091 0.0411407
2 0.523193 0.0760099 0.0202 0.0327475
2 0.0755179 0.139269 0.0643859 0.0624202
