2 0.0855569 0.886786 0.170424 0.219933
2 0.596545 0.344383 0.0646503 0.102718
2 0.517844 0.25179 0.044828 0.0701257
2 0.636197 0.153563 0.030418 0.0427732
2 0.522592 0.155033 0.0275764 0.0432365
2 0.0776606 0.135048 0.0610438 0.0613785
2 0.250044 0.0889958 0.0308394 0.0383601
2 0.566303 0.101784 0.0217268 0.0324141
2 0.530349 0.123661 0.0223518 0.0377849
2 0.507085 0.0699442 0.0198236 0.0303212
2 0.592577 0.0781271 0.016898 0.0240855
2 0.198187 0.105068 0.0415286 0.0476013
2 0.98832 0.945515 0.0222439 0.106803
