2 0.760284 0.364991 0.106165 0.173124
2 0.438571 0.732186 0.134302 0.33407
2 0.669316 0.686812 0.17279 0.396105
2 0.480329 0.335753 0.0668433 0.130234
2 0.560696 0.110271 0.0284271 0.0460104
2 0.63645 0.136613 0.039629 0.0638698
2 0.46287 0.10805 0.0287785 0.0435206
2 0.594496 0.0762472 0.0280075 0.0374258
2 0.0813661 0.0870735 0.0593333 0.0597529
2 0.547421 0.0452004 0.0183878 0.0397421
0 0.989799 0.156875 0.0180817 0.0740515
2 0.247317 0.040782 0.0302752 0.0384368
2 0.197987 0.0562471 0.0421188 0.0459143
2 0.495044 0.0197334 0.0193418 0.0320275
