2 0.741652 0.360115 0.0912803 0.142639
2 0.571173 0.230326 0.0430159 0.0695179
2 0.42869 0.213346 0.042312 0.0616712
2 0.630235 0.173439 0.0397431 0.0533669
2 0.24786 0.077605 0.0292819 0.037791
2 0.552304 0.122255 0.0241976 0.0331885
2 0.583169 0.0698846 0.0166256 0.0237757
0 0.99216 0.194989 0.0148521 0.0769397
2 0.197685 0.0931544 0.0406665 0.0463371
2 0.0816464 0.123793 0.0600692 0.0580359
2 0.5448 0.100742 0.0214144 0.0335912
2 0.564881 0.0398162 0.0120045 0.018812
2 0.495746 0.057176 0.0191143 0.0307081
2 0.293932 0.0690078 0.0216616 0.0234762
