2 0.432585 0.772275 0.136833 0.341778
2 0.44407 0.174694 0.0366718 0.0532596
2 0.687775 0.255464 0.0638464 0.102826
2 0.567366 0.184011 0.0370476 0.0573231
2 0.616017 0.136709 0.0338135 0.0462585
2 0.248496 0.0683947 0.0293931 0.037014
2 0.198575 0.0841173 0.0404154 0.0449519
0 0.991669 0.18532 0.0159023 0.0733193
2 0.549999 0.0915755 0.023008 0.0464357
2 0.0820911 0.11438 0.0602104 0.0595508
2 0.495865 0.0474516 0.0185089 0.0313885
2 0.579957 0.05242 0.0149477 0.0209705
2 0.521231 0.0649051 0.0164182 0.0278423
