2 0.472013 0.548927 0.0928468 0.170998
2 0.707054 0.866691 0.176589 0.265514
2 0.694629 0.242533 0.0483706 0.0681769
2 0.525228 0.215824 0.0374355 0.0607273
2 0.580981 0.137846 0.0271717 0.041715
2 0.533908 0.162624 0.0283251 0.0489537
2 0.512878 0.132 0.0252956 0.0379984
2 0.200562 0.10737 0.0436027 0.0489198
5 0.705948 0.0796778 0.0832455 0.10945
2 0.614874 0.100587 0.0200869 0.032471
2 0.51788 0.0739101 0.0191833 0.0301153
2 0.253846 0.0923141 0.0311063 0.038429
2 0.0759525 0.137834 0.063296 0.0629324
2 0.302442 0.0836774 0.0232128 0.0271063
2 0.542443 0.103376 0.0184587 0.0269172
