2 0.903769 0.661336 0.192068 0.310632
2 0.579794 0.302899 0.0561033 0.0921905
2 0.401772 0.271739 0.0530844 0.0758555
2 0.656231 0.228462 0.0503227 0.0670381
2 0.555258 0.152227 0.028489 0.0420965
2 0.589635 0.0852734 0.0184986 0.0287406
2 0.246943 0.0839083 0.029728 0.0382261
2 0.0809523 0.130009 0.0596303 0.0604231
2 0.54139 0.123533 0.0244133 0.0368653
2 0.496084 0.0640331 0.0193004 0.0307715
2 0.197776 0.098657 0.040552 0.0458967
0 0.993067 0.20202 0.0130329 0.0783197
2 0.517967 0.0960762 0.0187272 0.0311512
2 0.567418 0.0523778 0.0131975 0.0200465
