2 0.652021 0.63266 0.115993 0.216709
2 0.493426 0.410327 0.0702303 0.119926
2 0.673404 0.209064 0.0414899 0.0580762
2 0.524954 0.194029 0.0355019 0.0550207
2 0.608554 0.0920007 0.0185465 0.0308235
2 0.533467 0.149809 0.0258614 0.0455543
5 0.697868 0.0737252 0.073537 0.100361
2 0.576368 0.125064 0.0250173 0.0385993
2 0.514808 0.0728733 0.0209192 0.0309907
2 0.199683 0.106842 0.0429437 0.0483117
2 0.514132 0.121357 0.0227049 0.0355491
2 0.252654 0.0915187 0.0312797 0.0388294
2 0.0765257 0.137097 0.0622313 0.0643026
2 0.540975 0.0944742 0.0178758 0.0277432
2 0.56577 0.0653155 0.0136745 0.0195115
2 0.302513 0.083432 0.0263625 0.0274141
