2 0.458711 0.630189 0.107382 0.202875
2 0.704411 0.259068 0.0523898 0.0740298
2 0.524048 0.226961 0.040262 0.0620099
2 0.583037 0.142239 0.0266286 0.0446671
2 0.51195 0.136409 0.0266703 0.040759
2 0.533831 0.168285 0.0301559 0.0514481
2 0.617465 0.103305 0.0218924 0.0326834
5 0.712868 0.0809263 0.0819672 0.10892
2 0.200624 0.107895 0.0438159 0.049081
2 0.718761 0.937067 0.16364 0.125866
2 0.518843 0.0742126 0.0200737 0.0315541
2 0.254153 0.0924762 0.0314278 0.0384695
2 0.0758008 0.138284 0.0635628 0.0629349
2 0.543149 0.105 0.0203089 0.030178
2 0.302643 0.0836369 0.0237235 0.0268824
