2 0.657406 0.629981 0.159469 0.348762
2 0.74893 0.342832 0.100535 0.162189
2 0.443684 0.672506 0.124505 0.291699
2 0.481831 0.318266 0.0649643 0.123291
2 0.634078 0.129287 0.0397347 0.0631833
2 0.463889 0.102688 0.0282269 0.0423716
2 0.593251 0.0718725 0.0279068 0.0365766
2 0.561024 0.10464 0.0290752 0.0455829
0 0.989666 0.154964 0.0181593 0.0724137
2 0.547091 0.0409601 0.0181171 0.0382129
2 0.0811379 0.0847272 0.0595764 0.0607051
2 0.247508 0.0384514 0.0302474 0.0386017
2 0.494713 0.0171698 0.0201036 0.0312456
2 0.198031 0.0527054 0.0413496 0.0467783
