2 0.468456 0.642817 0.116003 0.219791
2 0.494244 0.335212 0.0655571 0.108978
2 0.614388 0.300565 0.064847 0.101223
2 0.537008 0.165948 0.0288723 0.0462759
2 0.65986 0.180721 0.0362669 0.0569914
2 0.453644 0.249536 0.0520068 0.0748513
6 0.767824 0.112235 0.162124 0.163171
2 0.584386 0.100674 0.0214242 0.033583
2 0.256158 0.0944898 0.0328823 0.0411165
2 0.20324 0.109463 0.0423809 0.0491189
2 0.523641 0.0759109 0.0199379 0.0314556
2 0.54629 0.110455 0.0196287 0.0233165
2 0.076045 0.138972 0.0645868 0.0622826
2 0.607226 0.0743592 0.016548 0.0248649
