2 0.822997 0.487798 0.145971 0.238849
2 0.472463 0.418515 0.078575 0.1598
2 0.417215 0.90327 0.159536 0.192606
2 0.737782 0.854678 0.262072 0.287873
2 0.562744 0.13307 0.0297863 0.0481888
2 0.648721 0.167435 0.0465633 0.0716194
2 0.458207 0.128379 0.0303326 0.0440261
0 0.990935 0.166414 0.0168949 0.0748872
2 0.601115 0.0945497 0.0289867 0.0399505
2 0.198344 0.0669248 0.0411229 0.0462378
2 0.495899 0.0305308 0.0181251 0.0306078
2 0.247916 0.0518687 0.0301868 0.0388694
2 0.548576 0.0597502 0.0204921 0.0410762
2 0.082305 0.0968759 0.060446 0.0591376
