2 0.609591 0.407778 0.0754684 0.122751
2 0.511984 0.290002 0.0508173 0.08206
2 0.64682 0.168481 0.0329027 0.0479844
2 0.523691 0.166497 0.0296482 0.0464287
2 0.597319 0.0819666 0.0180131 0.0263446
2 0.0770882 0.136107 0.0616658 0.0621442
2 0.509817 0.0706055 0.01848 0.0310646
2 0.531126 0.131117 0.0217964 0.038927
2 0.250774 0.0900692 0.0307096 0.0384176
2 0.568819 0.108472 0.021637 0.0336217
2 0.198754 0.105583 0.0408664 0.0473743
2 0.516319 0.106162 0.0194799 0.0328173
9 0.766414 0.0802929 0.0110651 0.0635756
