2 0.625171 0.453438 0.120803 0.257265
2 0.711973 0.262038 0.0793684 0.12811
2 0.459198 0.497544 0.0979379 0.209076
2 0.488427 0.257286 0.0565339 0.103334
2 0.62461 0.100131 0.0353771 0.0558154
2 0.469394 0.0809726 0.0261725 0.0397215
2 0.558507 0.080573 0.0264793 0.0446271
2 0.587704 0.052327 0.0250225 0.0325185
2 0.197011 0.0408506 0.0409262 0.0448317
0 0.989235 0.143355 0.0177662 0.0731816
2 0.0802343 0.0714404 0.0606188 0.0608946
2 0.546554 0.0236481 0.017401 0.0368923
2 0.247113 0.0253003 0.0298644 0.0362199
