2 0.445301 0.65713 0.117325 0.275028
2 0.953179 0.837477 0.0925531 0.308507
2 0.677276 0.231937 0.0587147 0.0928532
2 0.447587 0.163943 0.0349123 0.0510206
2 0.565845 0.171368 0.0338898 0.0568327
2 0.612263 0.128046 0.0326256 0.0435509
2 0.199111 0.0805928 0.0401265 0.0460667
2 0.0823112 0.110725 0.0596912 0.05783
2 0.248195 0.0648926 0.0292814 0.0371943
0 0.991713 0.181028 0.0157887 0.0746752
2 0.578895 0.0491078 0.0145963 0.0185805
2 0.549647 0.0835603 0.0223815 0.0474988
2 0.49626 0.0440954 0.0193989 0.031214
