2 0.377925 0.838303 0.171344 0.318236
2 0.729486 0.858162 0.1871 0.280678
2 0.29858 0.492722 0.118125 0.180987
2 0.742141 0.323846 0.0735743 0.117453
2 0.520002 0.244403 0.0445463 0.0717044
6 0.820728 0.138613 0.264114 0.228431
2 0.593247 0.130148 0.0296523 0.0453563
2 0.256171 0.083931 0.0321328 0.0402132
2 0.203627 0.0986974 0.0433591 0.0490249
2 0.538584 0.125615 0.0247706 0.0353669
2 0.0769364 0.129258 0.0643353 0.0642246
2 0.551529 0.0696894 0.0185068 0.0306426
2 0.52972 0.0924669 0.020352 0.0307075
2 0.615646 0.0782976 0.0186354 0.0266444
2 0.522605 0.0657325 0.0198038 0.0318657
