2 0.420626 0.667663 0.124334 0.267382
2 0.68077 0.674109 0.134291 0.289621
2 0.34706 0.414733 0.0949915 0.144098
2 0.717152 0.279477 0.062649 0.101462
2 0.523616 0.223031 0.0400822 0.0656381
6 0.809061 0.133235 0.237419 0.21178
2 0.591345 0.122996 0.0272001 0.042531
2 0.256089 0.0858869 0.0319316 0.0397776
2 0.0770162 0.130733 0.0644427 0.0627819
2 0.203693 0.100677 0.0425126 0.0494645
2 0.55265 0.0681079 0.0171745 0.0329082
2 0.522808 0.0678917 0.0192577 0.0310216
2 0.613789 0.0767414 0.0181539 0.0269436
2 0.534373 0.091887 0.0215533 0.0294209
2 0.540364 0.121521 0.0229729 0.0320343
