2 0.804778 0.49935 0.123257 0.178149
2 0.272622 0.525954 0.113937 0.167325
2 0.640338 0.712292 0.125419 0.27009
2 0.573465 0.244155 0.043921 0.0669305
2 0.580813 0.0664196 0.0150141 0.0222197
2 0.527029 0.187637 0.0345985 0.0523283
2 0.0782501 0.132676 0.061032 0.0606296
2 0.518422 0.130133 0.0241283 0.0362932
2 0.247722 0.0870634 0.0304224 0.0390321
2 0.196975 0.102228 0.041402 0.0475823
2 0.501155 0.0673828 0.0189107 0.031236
2 0.614067 0.122101 0.0241975 0.0368779
2 0.524942 0.10618 0.0205008 0.0284739
2 0.559097 0.0875996 0.0185184 0.0263287
