2 0.617534 0.448212 0.0827703 0.137504
2 0.508431 0.313757 0.0543566 0.0885444
2 0.653351 0.178437 0.035582 0.0485889
2 0.523637 0.172927 0.0306473 0.0473779
2 0.600242 0.0841639 0.0184711 0.0280805
2 0.532278 0.135754 0.0232098 0.0437839
2 0.0769082 0.136702 0.0620466 0.0632616
2 0.511244 0.0710088 0.018846 0.0312854
2 0.25119 0.09055 0.0311523 0.0388761
2 0.570654 0.111333 0.0217644 0.0364113
2 0.199348 0.106037 0.0416776 0.0475757
2 0.515606 0.11126 0.0217995 0.0331165
5 0.687133 0.0713696 0.0662094 0.0878434
2 0.53864 0.0876403 0.0149633 0.0256944
