2 0.168939 0.731173 0.172748 0.259238
2 0.921253 0.773535 0.156754 0.322765
2 0.521919 0.22179 0.0388008 0.0619425
2 0.585946 0.296395 0.0557618 0.0864566
2 0.626727 0.139323 0.0280651 0.041296
2 0.0776665 0.134318 0.0615728 0.0614729
2 0.521327 0.145015 0.0268291 0.0385147
2 0.249419 0.0883027 0.0304225 0.0387208
2 0.684025 0.947161 0.146951 0.105678
2 0.197506 0.10376 0.0418173 0.0479368
2 0.587719 0.0734673 0.016334 0.0244351
2 0.562834 0.0950716 0.020092 0.0310582
2 0.504161 0.0711309 0.0192276 0.0257783
2 0.526905 0.115464 0.0220036 0.0360725
2 0.517712 0.094184 0.0177538 0.0275274
