2 0.826587 0.476261 0.11845 0.18792
2 0.114481 0.799297 0.222638 0.347295
2 0.509121 0.304404 0.0575905 0.0898845
2 0.596532 0.150602 0.0334123 0.0541068
6 0.847678 0.154977 0.303727 0.25919
2 0.536105 0.136667 0.0262681 0.0422818
2 0.522666 0.0975519 0.0217529 0.0354804
2 0.256312 0.0800336 0.0324067 0.0402659
2 0.619744 0.0845091 0.0203068 0.0255296
2 0.076831 0.126261 0.0641822 0.0634865
2 0.203231 0.0947975 0.0421361 0.0496991
2 0.550701 0.0696262 0.0184435 0.0371407
2 0.522984 0.0595333 0.0205737 0.0341232
