2 0.595875 0.423342 0.0756853 0.131718
2 0.701563 0.310544 0.0700167 0.0954327
2 0.359539 0.353899 0.0722842 0.103981
2 0.561045 0.186142 0.0342976 0.0538926
2 0.535556 0.147613 0.0279917 0.0433087
2 0.598982 0.101853 0.0207792 0.028726
2 0.0791903 0.130947 0.0601599 0.0597496
2 0.246794 0.0851892 0.0299354 0.0383289
2 0.19701 0.100263 0.041324 0.0458452
2 0.497177 0.0663929 0.0190844 0.027419
2 0.517641 0.110467 0.0210069 0.0342716
2 0.572166 0.0571156 0.013879 0.0232567
2 0.29339 0.0763623 0.0227892 0.0249296
