2 0.908259 0.621135 0.166156 0.265002
2 0.500782 0.347693 0.0649282 0.104254
2 0.599358 0.163941 0.0362875 0.0569428
2 0.533326 0.144118 0.0293064 0.0449955
6 0.84493 0.163551 0.310141 0.286816
2 0.256296 0.0788165 0.0323956 0.0401239
2 0.203265 0.0937172 0.0422981 0.0494025
2 0.51794 0.102489 0.0240379 0.0352436
2 0.549687 0.0716362 0.0193632 0.0364193
2 0.622222 0.0865531 0.0215651 0.0308056
2 0.0769348 0.125772 0.0644179 0.062696
2 0.0415582 0.933278 0.0824272 0.130862
2 0.522543 0.0596656 0.0202145 0.030838
2 0.305445 0.0707467 0.0245395 0.0260284
