2 0.423989 0.879837 0.165949 0.23923
2 0.478831 0.405559 0.0753239 0.136907
2 0.627529 0.372558 0.0784592 0.130848
6 0.781616 0.120391 0.182695 0.181083
2 0.427269 0.290478 0.0610819 0.0910587
2 0.674267 0.205275 0.0430908 0.0670263
2 0.533293 0.181621 0.0334816 0.0508194
2 0.586795 0.107969 0.0229115 0.0352018
2 0.0762788 0.137373 0.0643866 0.064131
2 0.20287 0.106601 0.0424852 0.0489713
2 0.256285 0.0913721 0.0320904 0.0397861
2 0.52352 0.0741771 0.0197034 0.0327577
2 0.60843 0.0749494 0.0179363 0.0246216
2 0.544782 0.114678 0.019232 0.0271469
2 0.552843 0.0694616 0.0158844 0.0316238
