2 0.425968 0.833179 0.155801 0.328726
2 0.699363 0.789659 0.213033 0.407301
2 0.787575 0.420045 0.123783 0.20254
2 0.476351 0.373632 0.0724848 0.142594
2 0.641957 0.151626 0.0432687 0.0669808
2 0.460324 0.117369 0.028823 0.0432799
2 0.561363 0.12162 0.0288141 0.0470036
2 0.598354 0.0866167 0.0270313 0.0374711
0 0.990175 0.162445 0.0179186 0.074795
2 0.547776 0.0524651 0.0185854 0.0398418
2 0.198039 0.0615643 0.0412386 0.0448511
2 0.495645 0.0260294 0.0179202 0.0286028
2 0.248063 0.046172 0.029475 0.0374288
2 0.082102 0.0928726 0.0604665 0.0604549
