2 0.801535 0.430952 0.0942059 0.14016
2 0.516475 0.31423 0.0582857 0.0888922
2 0.497561 0.171868 0.0343309 0.0497369
2 0.525399 0.216385 0.0394157 0.0661397
2 0.592401 0.187178 0.0340611 0.0545192
2 0.632579 0.127367 0.0267593 0.0404356
2 0.602071 0.0644071 0.0154651 0.0218841
2 0.54358 0.126072 0.0217111 0.0346705
2 0.201918 0.109837 0.0438652 0.0498069
2 0.522154 0.0758781 0.0196606 0.031346
2 0.255532 0.0946992 0.031878 0.0416636
2 0.577716 0.0828905 0.0181721 0.0230591
2 0.0755554 0.139095 0.0642659 0.0625033
5 0.729923 0.0907471 0.119386 0.137585
