2 0.450427 0.680811 0.11683 0.225043
2 0.709397 0.26735 0.0532639 0.0764895
2 0.524236 0.23194 0.0412089 0.0643416
2 0.583631 0.145512 0.0274219 0.0441025
2 0.618957 0.104531 0.0219067 0.0327808
2 0.533625 0.171918 0.0318597 0.05173
2 0.511152 0.138341 0.0269243 0.0419258
5 0.712067 0.0808744 0.0887188 0.113588
2 0.200536 0.108234 0.04415 0.0495268
2 0.519027 0.0738644 0.0200001 0.0330895
2 0.254232 0.0928497 0.0315532 0.0387058
2 0.54319 0.107444 0.0204339 0.027795
2 0.302873 0.0840248 0.0236456 0.0261577
2 0.0758231 0.138206 0.0636044 0.0627541
