2 0.453303 0.514781 0.0949076 0.185372
2 0.645669 0.49124 0.095132 0.187386
6 0.795265 0.12897 0.21135 0.201042
2 0.390308 0.345755 0.0767555 0.116526
2 0.693882 0.239279 0.0519617 0.0795252
2 0.589232 0.114116 0.0252094 0.0411609
2 0.529286 0.201657 0.0363271 0.0567042
2 0.0767369 0.134637 0.0642911 0.0634449
2 0.256352 0.0880244 0.0320674 0.0393354
2 0.523174 0.0698983 0.019116 0.0329411
2 0.203318 0.103597 0.0420266 0.0493561
2 0.552981 0.0681659 0.0166738 0.0337526
2 0.540201 0.0885492 0.0193355 0.029685
2 0.611544 0.0768206 0.0179873 0.0247491
