2 0.415994 0.866083 0.155246 0.264922
2 0.726205 0.29772 0.0603216 0.0840507
2 0.523258 0.247789 0.0441916 0.0700981
2 0.586213 0.154993 0.0305279 0.0467142
5 0.715829 0.0831722 0.0940088 0.119986
2 0.532327 0.181064 0.0332448 0.0562967
2 0.622857 0.110277 0.0219152 0.0345573
2 0.509288 0.145498 0.0292054 0.0443184
2 0.520296 0.0740896 0.0195391 0.0340152
2 0.543929 0.111492 0.0196844 0.0292511
2 0.201026 0.108956 0.0446218 0.0496542
2 0.254705 0.0930647 0.0318163 0.0393223
2 0.0757926 0.138464 0.0636122 0.0625666
2 0.303503 0.0845612 0.0242778 0.026021
