2 0.14191 0.783691 0.191888 0.287248
2 0.93375 0.827604 0.131491 0.328913
2 0.589496 0.307924 0.0596546 0.0900175
2 0.520846 0.229121 0.0401192 0.0640118
2 0.0776791 0.134481 0.0615686 0.0614374
2 0.628572 0.142363 0.0282539 0.0423889
2 0.521869 0.146826 0.0274864 0.0417502
2 0.249607 0.088441 0.0308613 0.0387066
2 0.197594 0.104159 0.042302 0.0473452
2 0.505005 0.0707606 0.0194064 0.0272213
2 0.528019 0.117346 0.0211014 0.0361263
2 0.564162 0.0964198 0.0197347 0.032072
2 0.588684 0.0750191 0.0166696 0.0244656
2 0.297911 0.0802748 0.0265018 0.0268521
