2 0.462849 0.68302 0.123368 0.242802
2 0.492367 0.34471 0.064454 0.111088
2 0.615631 0.310684 0.0639648 0.102897
2 0.449626 0.254828 0.051788 0.0771119
2 0.661945 0.185027 0.0377093 0.0584326
6 0.769317 0.112954 0.163561 0.16348
2 0.536236 0.168601 0.030689 0.0463
2 0.584936 0.102855 0.0213957 0.0337226
2 0.203331 0.109063 0.0422539 0.0489115
2 0.25612 0.0939654 0.0327479 0.0417871
2 0.523563 0.0758716 0.0197393 0.031196
2 0.546279 0.112604 0.0187857 0.0220014
2 0.607359 0.0747572 0.0166171 0.023558
2 0.0760572 0.138592 0.0645062 0.062232
