2 0.922413 0.673492 0.154513 0.2923
2 0.498978 0.359518 0.0669041 0.105564
2 0.599382 0.169125 0.0367765 0.0584101
2 0.533451 0.147442 0.0279517 0.0442535
2 0.256344 0.0786846 0.0324092 0.039829
2 0.51723 0.103826 0.0232779 0.0359719
6 0.847167 0.164382 0.305666 0.289519
2 0.203319 0.0935309 0.04221 0.0493257
2 0.622715 0.0875277 0.0218897 0.030012
2 0.0770024 0.125544 0.0645006 0.0624823
2 0.549757 0.0710123 0.018825 0.0389933
2 0.522495 0.0597195 0.0207274 0.0308431
2 0.304963 0.0701664 0.0233289 0.0258741
