2 0.714625 0.308704 0.0757992 0.121475
2 0.435789 0.196966 0.0396871 0.0575222
2 0.569304 0.208683 0.0392179 0.0638764
2 0.408673 0.925125 0.152917 0.14975
2 0.623388 0.157776 0.0367007 0.0481515
2 0.581285 0.0624778 0.0155651 0.0244603
2 0.198289 0.0900489 0.0407652 0.0459781
2 0.247875 0.0744125 0.0298059 0.0389715
2 0.551494 0.113425 0.0233997 0.0327165
2 0.496353 0.0531894 0.0183745 0.0320733
0 0.992081 0.191538 0.0150717 0.0756168
2 0.520612 0.0744109 0.0173762 0.0282022
2 0.546018 0.0935868 0.0203402 0.0343524
2 0.0819935 0.120739 0.0596313 0.0585783
2 0.294272 0.0651435 0.021692 0.0236983
