2 0.415167 0.853621 0.160268 0.2919
2 0.700402 0.279656 0.0689089 0.109494
2 0.439898 0.185245 0.0385141 0.0563274
2 0.568616 0.196072 0.0386361 0.0599396
2 0.248225 0.0721267 0.0298492 0.0391786
2 0.19839 0.0874208 0.0409428 0.0454301
2 0.495891 0.0509409 0.0183489 0.0308449
0 0.991864 0.188441 0.0155247 0.0743802
2 0.619857 0.147152 0.0349371 0.0465532
2 0.580972 0.0583637 0.0154135 0.0217378
2 0.550608 0.104163 0.0245892 0.0362041
2 0.0819242 0.11811 0.0601198 0.0589281
2 0.520706 0.0703501 0.0173779 0.0273209
2 0.549654 0.0972803 0.0246806 0.0481681
