2 0.761703 0.360379 0.0756308 0.107827
2 0.520029 0.280578 0.0512581 0.0804226
2 0.529334 0.198353 0.0354236 0.0610435
2 0.589409 0.170889 0.0310112 0.0519357
2 0.503693 0.159063 0.0327558 0.0474176
2 0.521687 0.0758188 0.0197575 0.031506
2 0.628345 0.119584 0.0246727 0.0378794
2 0.54438 0.119475 0.0202313 0.0320125
2 0.255418 0.0943864 0.0320491 0.04088
2 0.201707 0.109734 0.0441127 0.0497001
5 0.725225 0.0875339 0.104567 0.12882
6 0.723911 0.087521 0.105851 0.130011
2 0.550823 0.0859563 0.0150325 0.0289342
2 0.304649 0.0845237 0.0241461 0.0258659
2 0.576303 0.0786916 0.0157662 0.0232634
