2 0.909137 0.689143 0.181164 0.359561
2 0.458798 0.532705 0.0972372 0.213186
2 0.66332 0.201865 0.0526571 0.0835259
2 0.452621 0.148515 0.0324402 0.0482591
2 0.564343 0.155715 0.0323999 0.050586
2 0.607369 0.114664 0.0308657 0.0394072
2 0.549691 0.0741245 0.0209623 0.0434708
0 0.991239 0.175586 0.0165554 0.0747729
2 0.57743 0.042012 0.0141486 0.0193355
2 0.198885 0.0751276 0.0404592 0.045669
2 0.248079 0.059964 0.0295001 0.0380113
2 0.495942 0.039218 0.0195303 0.0302702
2 0.0822434 0.104924 0.0594576 0.0597392
2 0.52291 0.0497972 0.0168278 0.0280741
