2 0.149317 0.740865 0.200389 0.3105
2 0.811459 0.448667 0.109322 0.174087
2 0.51063 0.295712 0.0548518 0.0887108
6 0.848663 0.15348 0.301852 0.256764
2 0.596098 0.147301 0.0322481 0.05096
2 0.536083 0.135012 0.0265823 0.0414251
2 0.523275 0.0969652 0.0222666 0.0348662
2 0.256342 0.0800978 0.0322591 0.0404161
2 0.618595 0.0834033 0.0211114 0.0268746
2 0.20318 0.0949074 0.0421324 0.0492892
2 0.076959 0.126696 0.0643037 0.0634478
2 0.551289 0.0679654 0.0199545 0.0396732
2 0.523003 0.0602512 0.0209682 0.0344619
