2 0.493419 0.478975 0.0869797 0.147021
2 0.606272 0.249823 0.0545802 0.082786
2 0.509034 0.284182 0.0504869 0.0912321
2 0.539052 0.152035 0.0270181 0.0396453
2 0.472336 0.215972 0.0438698 0.064926
2 0.648587 0.159535 0.0324429 0.0509119
2 0.581816 0.094284 0.0202216 0.0311732
2 0.202478 0.109811 0.0431069 0.0494363
2 0.255959 0.0949027 0.0326603 0.0416643
2 0.523514 0.0766101 0.0198025 0.0317581
6 0.754164 0.104348 0.143606 0.148923
2 0.548211 0.107257 0.0161808 0.0206971
2 0.605858 0.072654 0.0165691 0.0199949
2 0.0757712 0.139722 0.0646545 0.0618493
