2 0.429646 0.813108 0.140433 0.28779
2 0.720238 0.286513 0.0580647 0.0814618
2 0.584814 0.151221 0.0286924 0.0466697
2 0.532995 0.178138 0.0324451 0.0543079
2 0.523899 0.241388 0.0432929 0.0685062
2 0.509969 0.143312 0.0284735 0.0426296
2 0.621501 0.107539 0.0221962 0.0349556
5 0.7143 0.081409 0.0925329 0.118376
2 0.519834 0.0739372 0.0196205 0.0336715
2 0.543849 0.110562 0.0197071 0.0278533
2 0.200909 0.108756 0.0443468 0.0492774
2 0.254572 0.0928969 0.0318421 0.039203
2 0.303132 0.0845956 0.023828 0.0259679
2 0.0757786 0.138452 0.0636877 0.0626213
