2 0.402936 0.905681 0.168038 0.188039
2 0.732116 0.308108 0.0625365 0.0895498
2 0.532007 0.184499 0.0340547 0.0568674
2 0.523119 0.25502 0.0461164 0.0717215
2 0.623656 0.111693 0.0228281 0.0357585
2 0.586814 0.157549 0.0303058 0.0474165
2 0.508194 0.147367 0.030908 0.0460476
5 0.718624 0.085065 0.0942619 0.121699
2 0.543933 0.113269 0.0200806 0.029411
2 0.520666 0.0751046 0.020174 0.0323107
2 0.20137 0.109153 0.0443598 0.0496462
2 0.25488 0.0935966 0.0320102 0.0405133
2 0.0757828 0.138505 0.0636504 0.0622693
2 0.304028 0.0847207 0.0254312 0.0261894
