2 0.633331 0.423132 0.0815923 0.154834
2 0.466349 0.451376 0.0849626 0.153408
2 0.410457 0.315489 0.0676932 0.10356
6 0.788892 0.12428 0.197301 0.190001
2 0.683317 0.220488 0.0467273 0.0740801
2 0.53108 0.191243 0.0352379 0.0533786
2 0.588234 0.112258 0.024585 0.036337
2 0.256062 0.0891882 0.0320919 0.0386021
2 0.553348 0.0696243 0.0161297 0.0315379
2 0.203086 0.104757 0.0422038 0.0490814
2 0.0764404 0.13595 0.0650096 0.0640413
2 0.523546 0.0708658 0.0204275 0.0344013
2 0.542574 0.0876624 0.0188816 0.0270722
2 0.609967 0.0755828 0.0170968 0.0247317
