2 0.775743 0.446421 0.106784 0.154875
2 0.295939 0.477072 0.101567 0.147677
2 0.626715 0.631969 0.111758 0.22113
2 0.570266 0.230294 0.0425957 0.065305
2 0.528927 0.177413 0.0327085 0.0510161
2 0.0781879 0.132511 0.0613916 0.0611371
2 0.610705 0.118688 0.0229766 0.0341948
2 0.578784 0.0630723 0.0146966 0.0251062
2 0.24743 0.0866992 0.0302537 0.038765
2 0.519625 0.125072 0.0226776 0.0361373
2 0.500156 0.067633 0.0196079 0.0302964
2 0.1973 0.101781 0.0408965 0.0477512
2 0.557772 0.0862818 0.0193186 0.0233687
