2 0.486096 0.523681 0.0949238 0.165276
2 0.502571 0.299325 0.0591352 0.0982494
2 0.606996 0.266108 0.0521618 0.0855521
2 0.538596 0.156262 0.0279764 0.0434176
2 0.466289 0.227276 0.0455486 0.0665504
2 0.652189 0.16609 0.0337074 0.0524924
2 0.582804 0.0959844 0.0200155 0.0321226
6 0.755867 0.105892 0.154365 0.162486
2 0.202537 0.109798 0.0429878 0.049371
2 0.256162 0.0948908 0.032861 0.0416731
2 0.523677 0.0764785 0.0195215 0.0321505
2 0.876176 0.0821654 0.0311653 0.0431454
2 0.54806 0.10727 0.0166698 0.0237375
2 0.0757816 0.139466 0.0646669 0.0622319
2 0.605939 0.0728688 0.0167387 0.0225676
