2 0.638139 0.557355 0.101958 0.181507
2 0.49944 0.372982 0.0639709 0.108621
2 0.524814 0.186384 0.0334494 0.0532934
2 0.665964 0.197775 0.0382264 0.0545683
2 0.533068 0.143937 0.0247858 0.0435138
2 0.605862 0.0881661 0.0188533 0.0300776
2 0.513835 0.0706765 0.0185442 0.034725
2 0.199185 0.106484 0.0430692 0.0480414
5 0.692992 0.0745792 0.0734123 0.0936996
2 0.252027 0.091432 0.0311366 0.0383882
2 0.539343 0.0929624 0.0181375 0.0268195
2 0.574457 0.119752 0.0227715 0.0379139
2 0.0766252 0.136852 0.0622979 0.0640333
2 0.51437 0.119022 0.0218103 0.0328765
2 0.564646 0.0642687 0.0131935 0.0183572
2 0.301934 0.0829976 0.0268822 0.0272495
