2 0.844674 0.526809 0.16104 0.260923
2 0.46919 0.444147 0.0825818 0.169807
2 0.652349 0.175279 0.0475253 0.0750021
2 0.457037 0.133352 0.0320595 0.0468152
2 0.563424 0.137459 0.0308165 0.0497063
0 0.990743 0.169181 0.0174421 0.075496
2 0.414684 0.946409 0.15139 0.107181
2 0.198436 0.0691646 0.0407519 0.0463825
2 0.0823387 0.0990602 0.0598332 0.0582389
2 0.548716 0.0631979 0.0225452 0.0429321
2 0.24844 0.0539439 0.0291074 0.0379688
2 0.602593 0.100153 0.0295321 0.039623
7 0.730937 0.886141 0.228428 0.226429
2 0.496253 0.0328948 0.0185799 0.030272
