2 0.776735 0.427255 0.110154 0.177779
2 0.420902 0.231444 0.045223 0.0650351
2 0.573733 0.252284 0.0464747 0.0761211
2 0.637378 0.190381 0.0418055 0.0578359
2 0.552774 0.132836 0.0264956 0.0367537
2 0.24742 0.0801043 0.0291358 0.0377689
2 0.197759 0.0955946 0.0397716 0.0452767
2 0.0812479 0.126673 0.0588555 0.0595301
2 0.543223 0.108007 0.0233669 0.0357027
0 0.992329 0.198513 0.014526 0.0754461
2 0.584755 0.0755396 0.0181972 0.0258821
2 0.495481 0.0608767 0.019475 0.0290291
2 0.517976 0.0864119 0.0190973 0.0289434
2 0.548102 0.0598656 0.013544 0.0186043
2 0.565335 0.0444183 0.0136061 0.0183658
