2 0.928058 0.793321 0.143059 0.392111
2 0.582692 0.324583 0.0598017 0.0991582
2 0.39421 0.286376 0.056646 0.0793837
2 0.664102 0.241692 0.0534151 0.0736314
2 0.556132 0.158461 0.0302471 0.0451404
2 0.540847 0.128539 0.0245857 0.0369802
2 0.0808461 0.130452 0.0598497 0.0612144
2 0.246844 0.0844054 0.0299907 0.0386263
2 0.590713 0.0886228 0.0190856 0.0279049
2 0.197658 0.0994757 0.0404791 0.0459316
2 0.496009 0.0644072 0.0194462 0.0309926
2 0.518044 0.0981697 0.0186403 0.0322531
0 0.993433 0.202257 0.0123234 0.0794724
