2 0.496466 0.458327 0.0835979 0.138765
2 0.509588 0.276371 0.0531313 0.0886539
2 0.647206 0.156404 0.0312077 0.0497238
2 0.601509 0.243289 0.0463335 0.0775839
2 0.974146 0.854086 0.0506081 0.262235
2 0.539562 0.149284 0.0265181 0.0403094
2 0.475254 0.211531 0.0435761 0.0629847
2 0.581559 0.0924634 0.0193367 0.0309977
2 0.202474 0.109807 0.0431088 0.0494307
2 0.256062 0.094916 0.032865 0.0417672
2 0.523459 0.076305 0.0197854 0.0321668
2 0.60491 0.0706631 0.0169062 0.0198784
6 0.751196 0.101421 0.14318 0.149119
2 0.0757603 0.139726 0.0646751 0.0618301
