2 0.660642 0.67594 0.123911 0.238322
2 0.490038 0.432398 0.073596 0.128729
2 0.677567 0.215391 0.0427761 0.0613355
5 0.700077 0.0768293 0.0709668 0.0979448
2 0.525478 0.197134 0.0350051 0.0543563
2 0.577146 0.12727 0.0259106 0.0390017
2 0.533858 0.152169 0.0270609 0.0460183
2 0.609862 0.0946158 0.0197824 0.0301346
2 0.515352 0.072567 0.0208025 0.0317608
2 0.200207 0.106839 0.0432274 0.0475201
2 0.252817 0.0915791 0.0314871 0.0385839
2 0.0764756 0.137116 0.0624204 0.0637601
2 0.566364 0.0653435 0.0150585 0.0200076
2 0.513732 0.123549 0.0233567 0.0365452
2 0.541778 0.0964343 0.0184702 0.0274101
2 0.302525 0.0835132 0.0267147 0.0274589
