2 0.0978135 0.86208 0.195365 0.27095
2 0.593549 0.330928 0.0618507 0.096333
2 0.519639 0.24443 0.0440304 0.0672162
2 0.966179 0.897624 0.0665424 0.200809
2 0.0777404 0.135 0.0612292 0.0614785
2 0.633498 0.149037 0.0303578 0.0447433
2 0.522003 0.151908 0.0277491 0.04331
2 0.249908 0.0890174 0.0310889 0.0388152
2 0.591079 0.0769249 0.0166636 0.0242451
2 0.50623 0.0707031 0.0198874 0.0283778
2 0.565801 0.100729 0.0204321 0.0308534
2 0.198008 0.104893 0.0417597 0.0479366
2 0.529516 0.121497 0.0222511 0.0367892
2 0.298954 0.0809207 0.027034 0.0280635
