2 0.849048 0.563167 0.154956 0.252595
2 0.408442 0.257468 0.0502326 0.0720221
2 0.649471 0.21414 0.047397 0.0654484
2 0.576927 0.284371 0.0520232 0.0847492
2 0.553839 0.145917 0.0274815 0.0384221
2 0.587796 0.0839817 0.0183902 0.0249456
2 0.247144 0.0831162 0.0298548 0.0377756
2 0.197819 0.0977674 0.0402278 0.045463
2 0.54116 0.118543 0.026734 0.0349973
2 0.0807883 0.129323 0.0595438 0.060289
2 0.49569 0.0634929 0.019124 0.0297405
0 0.992521 0.201611 0.014119 0.0757549
2 0.565981 0.0490954 0.0132135 0.0185573
2 0.517823 0.0935606 0.0189609 0.0294141
