2 0.609179 0.368598 0.103227 0.200971
2 0.46739 0.405416 0.0835129 0.167049
2 0.691926 0.213694 0.0687874 0.111381
2 0.492796 0.216838 0.0512329 0.0917313
2 0.618769 0.0777262 0.0337058 0.0522658
2 0.472582 0.0624248 0.0254549 0.0398302
2 0.55683 0.0632732 0.0256628 0.0394981
2 0.583784 0.0362844 0.0249665 0.0309794
0 0.988951 0.131958 0.0189011 0.0740432
2 0.196632 0.0288113 0.0409936 0.0453598
2 0.246945 0.0164479 0.0295653 0.0317242
2 0.545781 0.0134463 0.0174656 0.0266304
2 0.0800892 0.0594009 0.0605246 0.0599577
