2 0.716796 0.820909 0.234651 0.353283
2 0.804762 0.452176 0.13378 0.217433
2 0.419226 0.865647 0.16848 0.265226
2 0.474656 0.396384 0.0754345 0.150448
2 0.645613 0.159112 0.0442062 0.0694099
2 0.459653 0.123298 0.0296036 0.0440324
2 0.599792 0.0910307 0.0280187 0.0380423
2 0.562726 0.127453 0.0301184 0.047762
0 0.990905 0.164065 0.0168762 0.0760541
2 0.495959 0.0284683 0.0180276 0.0293704
2 0.198011 0.0643865 0.04169 0.0458119
2 0.548751 0.0558114 0.0188274 0.0408944
2 0.248106 0.04959 0.0297987 0.0389911
2 0.0820251 0.095258 0.0602368 0.0593871
