2 0.435907 0.595664 0.111266 0.225113
2 0.664078 0.586333 0.115345 0.236157
2 0.366474 0.383197 0.0864556 0.131665
6 0.804159 0.130296 0.227415 0.208657
2 0.70675 0.262584 0.0581818 0.0928738
2 0.525967 0.213762 0.0389347 0.0626191
2 0.590642 0.119963 0.0263731 0.0398891
2 0.0770992 0.132155 0.0640415 0.0632223
2 0.256365 0.0866509 0.0322407 0.0397052
2 0.203298 0.101944 0.0430592 0.0493991
2 0.552114 0.0676956 0.0183834 0.0340658
2 0.523503 0.0690105 0.0187647 0.0327287
2 0.537162 0.0910123 0.0212682 0.0309431
2 0.612538 0.0762352 0.0183294 0.0255276
2 0.540476 0.121467 0.0235226 0.0298493
2 0.306523 0.0778393 0.0246946 0.0276027
