2 0.229115 0.614588 0.137434 0.207939
2 0.863652 0.608975 0.158826 0.22872
2 0.668596 0.852025 0.158312 0.290464
2 0.578684 0.267798 0.0489415 0.0751112
2 0.519724 0.137697 0.0247387 0.0379306
2 0.524591 0.202414 0.0364252 0.0583468
2 0.0779863 0.133404 0.0609464 0.0607804
2 0.58401 0.0694658 0.0152573 0.0233233
2 0.248502 0.0876175 0.0298574 0.0388162
2 0.527098 0.110797 0.0197014 0.0344802
2 0.19734 0.102816 0.0411426 0.048219
2 0.61982 0.131793 0.0269006 0.0377563
2 0.561074 0.0913036 0.0185806 0.0289328
2 0.503078 0.0684247 0.0196799 0.0298042
