2 0.722826 0.325648 0.0805534 0.128337
2 0.569981 0.215447 0.0406544 0.0648491
2 0.43374 0.201418 0.0410322 0.0600026
2 0.582266 0.0672354 0.0157423 0.0191434
2 0.625565 0.162581 0.0384188 0.0521972
2 0.551377 0.116923 0.0244793 0.0348551
2 0.197863 0.0910983 0.0409261 0.0460726
2 0.248033 0.0758044 0.0293234 0.038635
0 0.992223 0.192657 0.0147806 0.0755992
2 0.54535 0.0958972 0.021146 0.0333183
2 0.081982 0.121693 0.0598524 0.0584783
2 0.496202 0.0549954 0.0190015 0.0318985
2 0.564489 0.0369371 0.0128 0.018988
2 0.520907 0.0754883 0.0178642 0.0310818
