2 0.822304 0.532829 0.132941 0.191201
2 0.259508 0.551239 0.121171 0.176098
2 0.649073 0.769166 0.135059 0.293697
2 0.575201 0.251806 0.0465422 0.0735943
2 0.526416 0.192366 0.034944 0.0537801
2 0.0781544 0.132812 0.06097 0.0605523
2 0.51923 0.130938 0.0239871 0.0383457
2 0.581872 0.0674563 0.0158112 0.0229463
2 0.247989 0.0872086 0.0305374 0.0388855
2 0.197229 0.102291 0.0410061 0.0480707
2 0.502001 0.0676356 0.0192392 0.0310012
2 0.526261 0.106255 0.0186238 0.0316519
2 0.616065 0.123534 0.0256352 0.0416545
2 0.559847 0.0890339 0.0181258 0.0263421
