2 0.631509 0.493472 0.129065 0.266547
2 0.720099 0.278451 0.0833353 0.138914
2 0.487805 0.270865 0.0575256 0.106248
2 0.456297 0.533312 0.102866 0.225447
2 0.626467 0.107715 0.0361244 0.0578693
2 0.46731 0.0868959 0.0270759 0.0403993
2 0.559142 0.0877945 0.0282531 0.0424935
2 0.546547 0.0287597 0.0180172 0.0366358
2 0.589355 0.0570749 0.0256016 0.0326361
0 0.989315 0.14583 0.0175032 0.0723359
2 0.197104 0.0440416 0.0412875 0.0461571
2 0.246947 0.0292635 0.0295752 0.0379257
2 0.0805541 0.0746494 0.0599166 0.0596323
2 0.523209 0.0122973 0.0153851 0.0240172
