2 0.790284 0.40949 0.0884517 0.134885
2 0.517971 0.305757 0.0565892 0.0867265
2 0.526934 0.210635 0.0371277 0.0640705
2 0.591839 0.182893 0.0335817 0.0538254
2 0.631908 0.125249 0.0255785 0.039833
2 0.49928 0.168485 0.0335325 0.0496428
2 0.522186 0.075824 0.0197452 0.0315953
2 0.255471 0.0947051 0.0321081 0.0415496
2 0.201846 0.10983 0.0440402 0.0497582
2 0.601246 0.0640575 0.014924 0.0214277
2 0.543839 0.125103 0.0211498 0.032756
2 0.577544 0.0831242 0.0174115 0.0204505
5 0.729046 0.0911211 0.116123 0.134536
