2 0.48247 0.5493 0.0987808 0.177562
2 0.501325 0.30723 0.0585096 0.0995296
2 0.607469 0.272758 0.0531884 0.0891512
6 0.760815 0.110215 0.152144 0.163981
2 0.653676 0.170021 0.0344784 0.0533301
2 0.538256 0.158839 0.027586 0.0426207
2 0.463561 0.2324 0.047707 0.0695985
2 0.583434 0.0977262 0.020615 0.0315914
2 0.202794 0.109753 0.0426966 0.0494054
2 0.256156 0.0948484 0.0328665 0.0418342
2 0.523808 0.0763557 0.0196443 0.0322234
2 0.873346 0.0806526 0.0300337 0.0413122
2 0.547905 0.107356 0.0173822 0.0238856
2 0.075933 0.139718 0.064703 0.0615914
