2 0.613821 0.397136 0.108685 0.216824
2 0.69833 0.229437 0.0718534 0.116624
2 0.465088 0.433522 0.0889589 0.180357
2 0.491234 0.229465 0.0527535 0.0930979
2 0.62067 0.0855556 0.0346937 0.0548891
2 0.471173 0.0688094 0.0264778 0.040114
2 0.557932 0.069956 0.0260172 0.0407059
0 0.989077 0.136106 0.0175989 0.0720829
2 0.585406 0.0413726 0.0247761 0.0312873
2 0.197197 0.0329462 0.0417299 0.0459146
2 0.0804238 0.0633589 0.0606228 0.060945
2 0.546218 0.0163982 0.018194 0.0316299
2 0.246715 0.0189836 0.0297504 0.0362204
