2 0.738516 0.318912 0.065233 0.0923523
2 0.52302 0.260171 0.0469643 0.0742639
2 0.531603 0.188201 0.0348108 0.0567591
2 0.50707 0.150308 0.0310823 0.046363
2 0.587548 0.161669 0.0305213 0.0471196
2 0.624709 0.113946 0.0234453 0.0372315
2 0.520936 0.0752781 0.0200161 0.0323739
2 0.544208 0.114403 0.0199459 0.029561
2 0.20141 0.109099 0.044233 0.0495063
2 0.25507 0.0936729 0.0319757 0.040561
5 0.721019 0.0850953 0.0953758 0.123427
2 0.400982 0.953253 0.153094 0.0934935
2 0.0758032 0.138474 0.0636896 0.0622519
9 0.785506 0.0691337 0.00971203 0.040721
6 0.719534 0.0838249 0.0986565 0.125341
2 0.303681 0.0846715 0.0247825 0.026143
