2 0.958091 0.833385 0.0827599 0.321031
2 0.497888 0.440795 0.0803537 0.134021
2 0.51196 0.269384 0.0508673 0.0849048
2 0.646088 0.153764 0.0313557 0.0492973
2 0.600621 0.236804 0.0455319 0.0746576
2 0.477966 0.208236 0.0416586 0.0605053
2 0.540389 0.1474 0.0258957 0.0402437
2 0.581152 0.0916786 0.0195147 0.0306265
2 0.202377 0.109836 0.0432941 0.0496092
2 0.256106 0.0948536 0.032727 0.0414506
2 0.523506 0.0764406 0.0197924 0.0324228
2 0.604416 0.0701926 0.0169428 0.0201847
6 0.750734 0.0991515 0.138328 0.144538
2 0.0756542 0.139697 0.0644791 0.0620842
