2 0.636803 0.442863 0.0853741 0.16377
2 0.463048 0.470891 0.0875463 0.16213
6 0.790474 0.124634 0.201335 0.18948
2 0.404354 0.324733 0.0704519 0.107981
2 0.686565 0.226704 0.0486395 0.0759137
2 0.53024 0.194316 0.0360775 0.0536408
2 0.588544 0.113191 0.0245701 0.037638
2 0.256271 0.0889259 0.0319408 0.0389637
2 0.0766707 0.135504 0.0648702 0.064111
2 0.203105 0.104129 0.0421229 0.049443
2 0.553543 0.0696043 0.0156858 0.0313865
2 0.523464 0.0706375 0.0196995 0.0339235
2 0.541791 0.0887266 0.0192856 0.0282468
