2 0.731372 0.342174 0.0856331 0.136186
2 0.57021 0.222124 0.0416042 0.0672523
2 0.431225 0.207417 0.0409317 0.0613124
2 0.628283 0.167121 0.0384018 0.0524815
2 0.552208 0.119844 0.0240635 0.033918
2 0.582669 0.0685823 0.0158712 0.0224235
2 0.24793 0.0766941 0.0293115 0.0377978
2 0.197845 0.0922537 0.0408271 0.0465602
0 0.992132 0.19426 0.0149456 0.075797
2 0.544712 0.097609 0.0224035 0.0324282
2 0.0820065 0.122529 0.060898 0.0576976
2 0.564999 0.0373149 0.0124548 0.0190858
2 0.496131 0.0553415 0.0192623 0.0331649
2 0.521298 0.0774757 0.0188513 0.030022
