2 0.843531 0.508625 0.115622 0.174814
2 0.512822 0.345215 0.0642393 0.100416
2 0.522794 0.229696 0.0413389 0.0715293
2 0.595519 0.19958 0.0384644 0.0604439
2 0.493407 0.180685 0.0369903 0.052545
2 0.636902 0.135686 0.0267284 0.0413923
2 0.542696 0.130929 0.0229263 0.0397319
2 0.202266 0.109752 0.0433788 0.0497944
2 0.256017 0.0946148 0.0326223 0.0411919
2 0.602108 0.0639491 0.0172115 0.0241393
2 0.57882 0.0876989 0.0175776 0.0200275
2 0.522914 0.0759296 0.0204729 0.0321176
2 0.0755129 0.139282 0.064425 0.0624697
